10000 2300
9999 2200
9998 1700
9997 1900
9996 1300
9995 1400
9994 3500
9993 2300
9992 2100
9991 2000
9990 1600
9989 1800
9988 2900
9987 2400
9986 2400
9985 1800
9984 2100
9983 1500
9982 1200
9981 2200
9980 2300
9979 2000
9978 3400
9977 1900
9976 1900
9975 1700
9974 2000
9973 1600
9972 1500
9971 1800
9970 4900
9969 2700
9968 2200
9967 1900
9966 3900
9965 2700
9964 2200
9963 1900
9962 2600
9961 4300
9960 1500
9959 2200
9958 3100
9957 2300
9956 7800
9955 2000
9954 1500
9953 3000
9952 1800
9951 5400
9950 3500
9949 800
9948 1900
9947 1500
9946 1800
9945 2000
9944 1600
9943 1300
9942 2600
9941 1800
9940 1700
9939 1400
9938 1600
9937 1700
9936 3900
9935 1500
9934 4000
9933 2400
9932 1700
9931 1600
9930 1200
9929 1300
9928 1400
9927 1700
9926 1700
9925 1500
9924 1300
9923 1700
9922 1500
9921 1300
9920 1200
9919 2000
9918 1900
9917 2700
9916 4400
9915 2400
9914 1700
9913 1700
9912 1700
9911 4900
9910 2300
9909 2100
9908 1500
9907 2500
9906 3500
9905 2300
9904 2000
9903 6700
9902 2600
9901 3700
9900 3300
9899 1500
9898 1800
9897 1700
9896 1600
9895 1400
9894 2300
9893 2200
9892 1700
9891 2000
9890 2400
9889 1400
9888 1500
9887 3300
9886 2400
9885 2400
9884 1900
9883 1300
9882 1800
9881 1600
9880 1300
9879 1700
9878 1200
9877 1100
9876 1700
9875 1300
9874 1400
9873 1600
9872 1500
9871 2300
9870 4600
9869 2100
9868 2500
9867 1700
9866 2800
9865 2000
9864 3300
9863 1900
9862 1800
9861 1800
9860 2200
9859 2300
9858 1700
9857 1900
9856 4600
9855 16900
9854 2900
9853 8600
9852 7700
9851 2700
9850 6000
9849 3500
9848 2600
9847 1700
9846 3000
9845 6200
9844 4100
9843 2600
9842 2900
9841 5900
9840 2300
9839 2900
9838 2300
9837 2200
9836 1800
9835 1600
9834 2400
9833 5200
9832 3100
9831 2300
9830 2100
9829 1300
9828 1800
9827 1500
9826 1700
9825 1900
9824 1500
9823 2000
9822 2300
9821 2100
9820 2900
9819 1500
9818 2100
9817 1700
9816 1700
9815 2300
9814 3000
9813 3100
9812 2200
9811 2100
9810 2700
9809 2300
9808 2100
9807 1900
9806 5100
9805 7600
9804 2000
9803 2700
9802 2100
9801 2600
9800 2000
9799 1900
9798 2800
9797 1100
9796 3200
9795 2300
9794 2000
9793 2100
9792 2500
9791 2500
9790 1900
9789 2400
9788 1800
9787 2400
9786 4100
9785 4400
9784 6300
9783 2600
9782 1900
9781 1700
9780 1700
9779 1700
9778 2400
9777 1400
9776 1400
9775 1700
9774 700
9773 1500
9772 1500
9771 900
9770 1600
9769 1700
9768 2000
9767 3800
9766 1300
9765 2100
9764 2200
9763 4500
9762 1500
9761 3200
9760 2000
9759 2000
9758 1800
9757 1600
9756 1600
9755 1600
9754 1500
9753 1300
9752 1100
9751 1700
9750 2600
9749 4400
9748 1900
9747 1400
9746 1300
9745 1400
9744 1500
9743 1300
9742 1700
9741 1500
9740 1000
9739 1000
9738 1400
9737 1200
9736 1300
9735 1200
9734 1200
9733 900
9732 1500
9731 1300
9730 3300
9729 2000
9728 2000
9727 1500
9726 1700
9725 1600
9724 1500
9723 1500
9722 1200
9721 900
9720 2000
9719 900
9718 1500
9717 1300
9716 1400
9715 1200
9714 3000
9713 2300
9712 2600
9711 2400
9710 1800
9709 2200
9708 2100
9707 2000
9706 1900
9705 1300
9704 1400
9703 1400
9702 1000
9701 1600
9700 2400
9699 2600
9698 2000
9697 1900
9696 1900
9695 1800
9694 3400
9693 1800
9692 1500
9691 1300
9690 1100
9689 1300
9688 1700
9687 1400
9686 1500
9685 1900
9684 2000
9683 1700
9682 2100
9681 1600
9680 1900
9679 2300
9678 2100
9677 1600
9676 1800
9675 2200
9674 2000
9673 1900
9672 3100
9671 2600
9670 1700
9669 1900
9668 1300
9667 1700
9666 1300
9665 1600
9664 2100
9663 1100
9662 1600
9661 1600
9660 2600
9659 5000
9658 1400
9657 1500
9656 1400
9655 1800
9654 1200
9653 1500
9652 1600
9651 1200
9650 1300
9649 1800
9648 1600
9647 1600
9646 1800
9645 3400
9644 1400
9643 2100
9642 1800
9641 3000
9640 1700
9639 2100
9638 2000
9637 1400
9636 1900
9635 1600
9634 2000
9633 1800
9632 2200
9631 2100
9630 2200
9629 1300
9628 1900
9627 1900
9626 1800
9625 1700
9624 1900
9623 5400
9622 1100
9621 1200
9620 1300
9619 2400
9618 2100
9617 1800
9616 1700
9615 1400
9614 1600
9613 1400
9612 1100
9611 1400
9610 1500
9609 3200
9608 1600
9607 1100
9606 1600
9605 4100
9604 2000
9603 1900
9602 1600
9601 1100
9600 1200
9599 1800
9598 1400
9597 2200
9596 3800
9595 2100
9594 2100
9593 1400
9592 2000
9591 1600
9590 2000
9589 2000
9588 1600
9587 3900
9586 2000
9585 3400
9584 2300
9583 1800
9582 1600
9581 1300
9580 1300
9579 1600
9578 1500
9577 1400
9576 1700
9575 1600
9574 1300
9573 1900
9572 2000
9571 1600
9570 1700
9569 1700
9568 4700
9567 2000
9566 1100
9565 1200
9564 1700
9563 1300
9562 1600
9561 1400
9560 1300
9559 1400
9558 1800
9557 1600
9556 1300
9555 1500
9554 1400
9553 1400
9552 1200
9551 1100
9550 2200
9549 2100
9548 2300
9547 1900
9546 1200
9545 1300
9544 1300
9543 1700
9542 1500
9541 1600
9540 1500
9539 1200
9538 1500
9537 1100
9536 1600
9535 1600
9534 1600
9533 1000
9532 1700
9531 1400
9530 1400
9529 1700
9528 1300
9527 1200
9526 2600
9525 1200
9524 5400
9523 2000
9522 1600
9521 1500
9520 1800
9519 1400
9518 1900
9517 1500
9516 1700
9515 1200
9514 3200
9513 2000
9512 3300
9511 2300
9510 2500
9509 2000
9508 4700
9507 2000
9506 1900
9505 1800
9504 1300
9503 1500
9502 1500
9501 1900
9500 1700
9499 1400
9498 1600
9497 1400
9496 2000
9495 1200
9494 1000
9493 1900
9492 1600
9491 4000
9490 1400
9489 1600
9488 1300
9487 1300
9486 2400
9485 1900
9484 2600
9483 2800
9482 2200
9481 1900
9480 1600
9479 1500
9478 1400
9477 1200
9476 1800
9475 1800
9474 1600
9473 1700
9472 2000
9471 3700
9470 4000
9469 2600
9468 2100
9467 2400
9466 1900
9465 2200
9464 1700
9463 1800
9462 1400
9461 1700
9460 1600
9459 1600
9458 1700
9457 1700
9456 1400
9455 3000
9454 1900
9453 1600
9452 1600
9451 800
9450 800
9449 1700
9448 1500
9447 1200
9446 1500
9445 1500
9444 1600
9443 800
9442 1200
9441 1500
9440 1400
9439 1300
9438 1500
9437 3600
9436 2000
9435 2400
9434 1400
9433 1800
9432 1600
9431 1600
9430 1300
9429 1200
9428 1600
9427 1600
9426 2000
9425 1800
9424 2200
9423 1400
9422 1300
9421 1700
9420 1900
9419 3500
9418 5800
9417 1700
9416 1100
9415 1300
9414 1500
9413 1600
9412 1700
9411 1900
9410 1700
9409 1400
9408 1300
9407 2700
9406 1700
9405 1400
9404 2000
9403 1800
9402 2300
9401 2800
9400 2000
9399 1500
9398 2100
9397 1500
9396 1200
9395 1400
9394 1600
9393 1500
9392 1600
9391 1400
9390 1400
9389 1900
9388 1500
9387 2000
9386 2000
9385 1400
9384 2500
9383 2100
9382 1500
9381 1700
9380 1500
9379 2100
9378 1900
9377 1100
9376 14900
9375 1200
9374 1400
9373 1400
9372 1500
9371 1100
9370 1400
9369 1100
9368 2400
9367 1900
9366 2200
9365 1900
9364 1800
9363 2000
9362 1800
9361 7100
9360 1500
9359 1500
9358 1600
9357 1300
9356 1300
9355 1500
9354 1400
9353 1500
9352 2200
9351 1400
9350 1600
9349 1900
9348 1500
9347 1800
9346 1400
9345 1300
9344 1500
9343 2200
9342 1900
9341 2500
9340 2300
9339 1500
9338 1500
9337 1300
9336 1400
9335 1200
9334 1400
9333 1500
9332 2000
9331 1500
9330 2200
9329 1300
9328 1300
9327 1400
9326 1300
9325 1600
9324 1600
9323 1600
9322 1500
9321 1900
9320 4200
9319 3400
9318 1400
9317 1800
9316 1300
9315 1500
9314 1400
9313 1300
9312 1800
9311 2100
9310 1600
9309 1400
9308 2100
9307 900
9306 900
9305 1200
9304 1600
9303 500
9302 2600
9301 5200
9300 3700
9299 1600
9298 2200
9297 1600
9296 1600
9295 1600
9294 3200
9293 2100
9292 1600
9291 1600
9290 1300
9289 1700
9288 1300
9287 1600
9286 800
9285 1100
9284 1700
9283 2600
9282 2000
9281 2000
9280 1900
9279 1400
9278 2100
9277 2200
9276 2600
9275 2200
9274 1500
9273 1900
9272 1700
9271 1900
9270 1400
9269 1800
9268 5800
9267 2400
9266 2100
9265 2100
9264 1800
9263 2100
9262 2300
9261 2400
9260 3500
9259 2400
9258 1800
9257 1100
9256 1400
9255 1500
9254 2300
9253 3300
9252 2100
9251 2000
9250 3100
9249 2700
9248 2100
9247 2500
9246 2000
9245 2800
9244 1500
9243 2000
9242 3000
9241 1600
9240 1600
9239 1200
9238 2400
9237 2000
9236 1900
9235 1200
9234 1500
9233 1300
9232 2400
9231 2300
9230 1800
9229 1800
9228 3100
9227 1900
9226 2000
9225 1400
9224 2200
9223 2100
9222 2000
9221 2100
9220 1500
9219 2000
9218 1600
9217 1900
9216 1900
9215 1700
9214 1000
9213 1800
9212 1700
9211 1600
9210 2000
9209 1800
9208 2200
9207 1700
9206 1800
9205 1700
9204 1100
9203 1600
9202 1900
9201 2300
9200 2100
9199 4300
9198 2800
9197 2900
9196 1600
9195 2100
9194 1600
9193 1900
9192 1600
9191 1500
9190 1600
9189 1900
9188 1200
9187 1600
9186 1600
9185 1300
9184 1900
9183 900
9182 1200
9181 2100
9180 2300
9179 1500
9178 1700
9177 1700
9176 1300
9175 1700
9174 2100
9173 1800
9172 1200
9171 1700
9170 2000
9169 1500
9168 1100
9167 1800
9166 1700
9165 2000
9164 1400
9163 1700
9162 2100
9161 1900
9160 2600
9159 1800
9158 2600
9157 1700
9156 1700
9155 1900
9154 1800
9153 1400
9152 1600
9151 1800
9150 1900
9149 1600
9148 1700
9147 1400
9146 1900
9145 1900
9144 2300
9143 1600
9142 1400
9141 2700
9140 2100
9139 1400
9138 1100
9137 1700
9136 1500
9135 1700
9134 2200
9133 2500
9132 1800
9131 2000
9130 3000
9129 2200
9128 2300
9127 3000
9126 2300
9125 2100
9124 2500
9123 3200
9122 1900
9121 1700
9120 1400
9119 1900
9118 1400
9117 1300
9116 2100
9115 1600
9114 1700
9113 2500
9112 2200
9111 1400
9110 1800
9109 1800
9108 1500
9107 1900
9106 2700
9105 2700
9104 1800
9103 2000
9102 1500
9101 1700
9100 2200
9099 1700
9098 1600
9097 1800
9096 1200
9095 2400
9094 2700
9093 1800
9092 1500
9091 2300
9090 1600
9089 1400
9088 1200
9087 1900
9086 1800
9085 1800
9084 1500
9083 1400
9082 1700
9081 1600
9080 1400
9079 1400
9078 1700
9077 1500
9076 1700
9075 2600
9074 1900
9073 1600
9072 1600
9071 1800
9070 1600
9069 1400
9068 2300
9067 2600
9066 2200
9065 2000
9064 1400
9063 1900
9062 2000
9061 2000
9060 1400
9059 1900
9058 1500
9057 1700
9056 2700
9055 2400
9054 1800
9053 1400
9052 1400
9051 1600
9050 1600
9049 1200
9048 3400
9047 2100
9046 1100
9045 2000
9044 1500
9043 1400
9042 2100
9041 1500
9040 2300
9039 2300
9038 2200
9037 2500
9036 1900
9035 1900
9034 2800
9033 1800
9032 1800
9031 1800
9030 2100
9029 2000
9028 1700
9027 2100
9026 1700
9025 2000
9024 1700
9023 1900
9022 2100
9021 2600
9020 3500
9019 3700
9018 2500
9017 2200
9016 1700
9015 1600
9014 1600
9013 2500
9012 2300
9011 1900
9010 1500
9009 2400
9008 1600
9007 1900
9006 1400
9005 1400
9004 1300
9003 1400
9002 1500
9001 2100
9000 2600
8999 3500
8998 2200
8997 2000
8996 1900
8995 1800
8994 1600
8993 1800
8992 1800
8991 1400
8990 1800
8989 1200
8988 1800
8987 1700
8986 2000
8985 1900
8984 3700
8983 5500
8982 1400
8981 4700
8980 2400
8979 2300
8978 1500
8977 1900
8976 1800
8975 2800
8974 5400
8973 4200
8972 5900
8971 5000
8970 2500
8969 1500
8968 1600
8967 1700
8966 1700
8965 2000
8964 1300
8963 1500
8962 2700
8961 5900
8960 2000
8959 1400
8958 2200
8957 1900
8956 1700
8955 1500
8954 1700
8953 1300
8952 1500
8951 1300
8950 1400
8949 1800
8948 1600
8947 1800
8946 900
8945 2600
8944 1500
8943 2000
8942 2000
8941 1300
8940 1400
8939 1700
8938 2000
8937 1800
8936 1600
8935 1700
8934 2100
8933 1700
8932 1300
8931 2100
8930 1200
8929 1600
8928 1700
8927 1600
8926 1400
8925 1700
8924 2300
8923 2200
8922 2100
8921 1600
8920 3100
8919 1500
8918 3300
8917 1500
8916 2100
8915 1500
8914 1400
8913 1500
8912 1800
8911 1800
8910 1700
8909 1600
8908 1600
8907 1200
8906 1400
8905 2900
8904 2900
8903 2600
8902 1700
8901 1600
8900 1300
8899 1700
8898 1300
8897 1300
8896 1900
8895 2500
8894 1600
8893 2400
8892 2100
8891 2600
8890 1500
8889 1700
8888 1600
8887 1900
8886 2300
8885 4100
8884 2500
8883 2900
8882 2500
8881 2100
8880 1400
8879 1600
8878 1400
8877 1900
8876 1800
8875 1800
8874 1700
8873 2100
8872 1600
8871 15400
8870 3200
8869 4800
8868 2200
8867 3200
8866 2900
8865 1500
8864 1700
8863 1800
8862 1700
8861 2200
8860 1700
8859 1300
8858 1600
8857 1100
8856 15200
8855 1800
8854 9700
8853 2400
8852 2100
8851 1400
8850 1500
8849 1800
8848 1700
8847 1400
8846 1800
8845 2500
8844 3600
8843 2300
8842 2000
8841 1300
8840 2400
8839 1800
8838 1900
8837 1600
8836 1300
8835 1300
8834 1300
8833 1600
8832 1500
8831 1700
8830 1500
8829 1600
8828 3100
8827 2800
8826 2500
8825 1600
8824 2500
8823 6200
8822 2500
8821 1900
8820 2000
8819 2200
8818 2000
8817 1700
8816 1800
8815 1400
8814 1700
8813 1900
8812 2600
8811 2700
8810 4900
8809 2300
8808 2300
8807 1400
8806 2400
8805 1800
8804 1900
8803 2400
8802 2000
8801 1600
8800 2100
8799 1600
8798 1400
8797 1200
8796 1500
8795 2100
8794 2000
8793 2600
8792 4300
8791 2000
8790 2000
8789 1300
8788 1400
8787 3000
8786 1800
8785 1400
8784 1800
8783 1800
8782 1800
8781 2400
8780 1900
8779 1500
8778 1200
8777 1400
8776 2100
8775 2000
8774 1900
8773 1900
8772 2300
8771 1900
8770 2100
8769 2300
8768 4000
8767 2600
8766 1500
8765 1500
8764 1400
8763 2500
8762 2000
8761 2600
8760 2700
8759 7600
8758 2100
8757 1600
8756 1900
8755 1600
8754 1300
8753 1200
8752 1400
8751 1900
8750 1500
8749 1800
8748 1700
8747 1600
8746 1900
8745 1700
8744 1200
8743 1600
8742 1700
8741 1700
8740 1500
8739 1500
8738 1800
8737 1700
8736 1400
8735 1600
8734 1400
8733 1000
8732 1600
8731 1600
8730 1500
8729 1800
8728 1300
8727 1800
8726 1300
8725 1600
8724 1600
8723 1500
8722 1500
8721 1600
8720 1700
8719 2100
8718 1900
8717 1500
8716 1500
8715 1700
8714 1700
8713 1300
8712 1600
8711 1700
8710 1400
8709 1300
8708 1200
8707 1500
8706 1900
8705 1500
8704 1400
8703 1600
8702 1700
8701 1300
8700 2300
8699 5900
8698 2400
8697 2000
8696 1800
8695 1600
8694 900
8693 1400
8692 1500
8691 1500
8690 1400
8689 1700
8688 1700
8687 1200
8686 1500
8685 1600
8684 1700
8683 1700
8682 1900
8681 1900
8680 1600
8679 1600
8678 1500
8677 1600
8676 1600
8675 1700
8674 2000
8673 1900
8672 1800
8671 1800
8670 1400
8669 1500
8668 2100
8667 1300
8666 1700
8665 1700
8664 1600
8663 2200
8662 1900
8661 1600
8660 1800
8659 1400
8658 1400
8657 1600
8656 1900
8655 2400
8654 1400
8653 1300
8652 1900
8651 1600
8650 1700
8649 1600
8648 1500
8647 1400
8646 1500
8645 2400
8644 5400
8643 2000
8642 1600
8641 800
8640 1500
8639 1600
8638 1200
8637 1800
8636 1300
8635 1300
8634 2300
8633 1200
8632 1500
8631 2000
8630 1500
8629 1600
8628 1400
8627 3000
8626 2200
8625 2400
8624 2800
8623 1800
8622 1500
8621 1500
8620 1600
8619 1200
8618 1600
8617 2900
8616 4000
8615 2400
8614 2200
8613 1500
8612 2200
8611 1600
8610 2200
8609 3000
8608 2500
8607 1300
8606 1500
8605 1600
8604 2000
8603 1500
8602 1700
8601 1300
8600 1000
8599 2100
8598 1600
8597 2200
8596 1600
8595 2100
8594 1800
8593 1900
8592 2200
8591 900
8590 1100
8589 1300
8588 1400
8587 1800
8586 2600
8585 2500
8584 2000
8583 2000
8582 1800
8581 1400
8580 1700
8579 1400
8578 1000
8577 1400
8576 1900
8575 2100
8574 1400
8573 1900
8572 3900
8571 3200
8570 1800
8569 1600
8568 1900
8567 2000
8566 1400
8565 1600
8564 1500
8563 3600
8562 1100
8561 1300
8560 1600
8559 1500
8558 1400
8557 1700
8556 2000
8555 2300
8554 2600
8553 2000
8552 1500
8551 1500
8550 1200
8549 1300
8548 1800
8547 1600
8546 1600
8545 1300
8544 1100
8543 1400
8542 1700
8541 1200
8540 2000
8539 3000
8538 2800
8537 2100
8536 2100
8535 2300
8534 4100
8533 2100
8532 1900
8531 1400
8530 1600
8529 1500
8528 1700
8527 1500
8526 1500
8525 1700
8524 1200
8523 1500
8522 1600
8521 1200
8520 1600
8519 2400
8518 1700
8517 1100
8516 1800
8515 2200
8514 1700
8513 1600
8512 1900
8511 1300
8510 1300
8509 1700
8508 1700
8507 2100
8506 1400
8505 1600
8504 1700
8503 1100
8502 2200
8501 1500
8500 1600
8499 1300
8498 1400
8497 1500
8496 2000
8495 1500
8494 1600
8493 3800
8492 2100
8491 1900
8490 1700
8489 1500
8488 1600
8487 1600
8486 1500
8485 1300
8484 2600
8483 1800
8482 1200
8481 1500
8480 1700
8479 1400
8478 1700
8477 1300
8476 1700
8475 2000
8474 5400
8473 2400
8472 2100
8471 1900
8470 1800
8469 1700
8468 1700
8467 1100
8466 2000
8465 1700
8464 1600
8463 1900
8462 1600
8461 1200
8460 2900
8459 1200
8458 1200
8457 2000
8456 1500
8455 1600
8454 1500
8453 1600
8452 1400
8451 1000
8450 1300
8449 1400
8448 1200
8447 1800
8446 1700
8445 1700
8444 1500
8443 1900
8442 1300
8441 1400
8440 1400
8439 1400
8438 1900
8437 2000
8436 2000
8435 1300
8434 1800
8433 1900
8432 2500
8431 3600
8430 2000
8429 2100
8428 2100
8427 1300
8426 1400
8425 1600
8424 1400
8423 1600
8422 1700
8421 1500
8420 1100
8419 1600
8418 1600
8417 1400
8416 1600
8415 1700
8414 1700
8413 3300
8412 2600
8411 1800
8410 1400
8409 3200
8408 1800
8407 1600
8406 1700
8405 1300
8404 1700
8403 1500
8402 1600
8401 2100
8400 1800
8399 1400
8398 1400
8397 1400
8396 1200
8395 2500
8394 1800
8393 1300
8392 2000
8391 3300
8390 1800
8389 1900
8388 2300
8387 3300
8386 2100
8385 1400
8384 1400
8383 1400
8382 1700
8381 1900
8380 1600
8379 1800
8378 2600
8377 1500
8376 1500
8375 2800
8374 1800
8373 1800
8372 1400
8371 1700
8370 1500
8369 1500
8368 1200
8367 1300
8366 1200
8365 1700
8364 1300
8363 1100
8362 1900
8361 2000
8360 2100
8359 1500
8358 1200
8357 1300
8356 1400
8355 1300
8354 1200
8353 2100
8352 1600
8351 1500
8350 1300
8349 2000
8348 2100
8347 1600
8346 1800
8345 1600
8344 2800
8343 2700
8342 2000
8341 1400
8340 1600
8339 1500
8338 1000
8337 1400
8336 1200
8335 1400
8334 1000
8333 1300
8332 1600
8331 1100
8330 1100
8329 1400
8328 1400
8327 1100
8326 1200
8325 1700
8324 1800
8323 1900
8322 2000
8321 1600
8320 4000
8319 2500
8318 1300
8317 1800
8316 1400
8315 1800
8314 1000
8313 1500
8312 1500
8311 1400
8310 1500
8309 1800
8308 1500
8307 1000
8306 1700
8305 1500
8304 1200
8303 1600
8302 1100
8301 1900
8300 1700
8299 1400
8298 1500
8297 1000
8296 1700
8295 1400
8294 1300
8293 1500
8292 1600
8291 1400
8290 1900
8289 1600
8288 1300
8287 1200
8286 1600
8285 1700
8284 1300
8283 1200
8282 1900
8281 2300
8280 3400
8279 1400
8278 1300
8277 1300
8276 1800
8275 1600
8274 600
8273 1300
8272 1900
8271 1500
8270 1400
8269 1600
8268 1900
8267 1300
8266 1400
8265 1400
8264 1200
8263 1300
8262 1400
8261 1400
8260 1900
8259 2100
8258 9900
8257 4900
8256 1500
8255 1500
8254 1600
8253 1400
8252 1500
8251 1300
8250 1400
8249 1400
8248 1400
8247 2000
8246 1400
8245 1400
8244 1400
8243 2100
8242 1700
8241 1700
8240 1700
8239 1400
8238 5100
8237 1600
8236 1500
8235 2300
8234 1200
8233 1300
8232 1100
8231 2300
8230 1700
8229 2500
8228 2600
8227 2100
8226 1300
8225 1400
8224 1600
8223 1200
8222 1600
8221 1600
8220 2700
8219 2000
8218 3700
8217 1800
8216 1700
8215 1200
8214 1500
8213 1700
8212 1900
8211 1300
8210 1500
8209 1400
8208 1300
8207 1500
8206 1200
8205 1300
8204 1800
8203 1200
8202 1200
8201 1300
8200 1300
8199 1800
8198 1700
8197 1700
8196 1700
8195 1400
8194 1800
8193 1700
8192 2700
8191 2100
8190 2600
8189 1700
8188 1700
8187 1600
8186 2300
8185 1500
8184 1400
8183 1300
8182 1600
8181 1400
8180 1300
8179 2500
8178 3600
8177 8100
8176 1900
8175 2300
8174 1200
8173 1500
8172 1000
8171 1000
8170 1700
8169 1400
8168 1600
8167 1500
8166 1500
8165 1500
8164 1700
8163 1900
8162 900
8161 1200
8160 1900
8159 1400
8158 5700
8157 1700
8156 1000
8155 2000
8154 1800
8153 1300
8152 1100
8151 1700
8150 1900
8149 1300
8148 1800
8147 3200
8146 2800
8145 1900
8144 1900
8143 1900
8142 1700
8141 3100
8140 1600
8139 6300
8138 2000
8137 1400
8136 3400
8135 4500
8134 1800
8133 1500
8132 1500
8131 2200
8130 1700
8129 2200
8128 1600
8127 1500
8126 800
8125 1200
8124 3700
8123 2100
8122 1800
8121 1700
8120 1100
8119 1500
8118 1500
8117 1200
8116 1300
8115 1400
8114 1600
8113 1700
8112 1800
8111 1300
8110 1700
8109 1400
8108 1300
8107 1500
8106 1600
8105 1600
8104 1800
8103 1800
8102 3000
8101 2200
8100 2400
8099 2400
8098 1800
8097 1800
8096 1700
8095 1500
8094 1300
8093 1400
8092 1600
8091 1500
8090 1200
8089 1400
8088 1400
8087 1300
8086 1000
8085 2000
8084 1600
8083 1500
8082 2300
8081 1600
8080 2000
8079 1800
8078 1300
8077 1300
8076 1300
8075 1100
8074 1700
8073 1700
8072 1700
8071 1100
8070 1300
8069 1400
8068 1400
8067 2800
8066 4200
8065 3400
8064 4100
8063 4200
8062 2300
8061 1900
8060 1200
8059 1800
8058 1600
8057 1300
8056 1400
8055 1000
8054 1300
8053 1400
8052 1700
8051 900
8050 1300
8049 1200
8048 1100
8047 2000
8046 1600
8045 2000
8044 1700
8043 1000
8042 1200
8041 1600
8040 1600
8039 1600
8038 1600
8037 1300
8036 1300
8035 800
8034 1500
8033 1600
8032 1700
8031 1800
8030 1100
8029 1100
8028 1300
8027 1400
8026 1500
8025 1600
8024 1200
8023 1900
8022 1600
8021 1600
8020 1600
8019 1200
8018 2200
8017 2300
8016 2200
8015 2200
8014 2000
8013 1700
8012 1800
8011 1500
8010 2700
8009 1500
8008 1200
8007 1600
8006 1700
8005 1900
8004 1600
8003 1300
8002 1400
8001 1500
8000 1100
7999 1700
7998 2600
7997 2100
7996 2000
7995 1500
7994 1600
7993 1900
7992 1500
7991 1400
7990 1600
7989 2700
7988 2200
7987 1800
7986 1200
7985 1500
7984 1600
7983 1300
7982 1200
7981 1400
7980 1700
7979 1600
7978 1900
7977 1400
7976 1500
7975 1800
7974 2000
7973 1300
7972 2000
7971 1200
7970 1600
7969 1300
7968 1900
7967 1500
7966 1400
7965 1400
7964 1200
7963 1600
7962 1700
7961 1400
7960 1200
7959 1600
7958 1800
7957 1700
7956 1200
7955 1100
7954 2000
7953 2100
7952 1600
7951 1600
7950 1300
7949 1300
7948 1500
7947 1700
7946 2200
7945 2000
7944 2400
7943 2000
7942 1900
7941 2100
7940 1700
7939 1500
7938 1400
7937 3200
7936 4600
7935 2000
7934 1600
7933 1700
7932 1800
7931 1900
7930 1700
7929 1900
7928 2400
7927 1700
7926 2100
7925 2000
7924 1700
7923 2100
7922 2000
7921 1700
7920 1500
7919 1100
7918 1600
7917 1600
7916 1400
7915 1400
7914 1000
7913 2000
7912 1700
7911 1400
7910 1600
7909 1700
7908 1200
7907 1800
7906 2200
7905 1700
7904 2000
7903 4600
7902 2200
7901 1500
7900 1400
7899 2000
7898 2100
7897 1800
7896 1600
7895 1900
7894 1600
7893 1200
7892 1400
7891 1300
7890 900
7889 1400
7888 1800
7887 1400
7886 2200
7885 1700
7884 1100
7883 1600
7882 1400
7881 1300
7880 2100
7879 1600
7878 2000
7877 1400
7876 1500
7875 1500
7874 1300
7873 1600
7872 2200
7871 1400
7870 2400
7869 2300
7868 1600
7867 2300
7866 2000
7865 1300
7864 1600
7863 1500
7862 1400
7861 1500
7860 1600
7859 2000
7858 2200
7857 1300
7856 1200
7855 1700
7854 1500
7853 2000
7852 3300
7851 2400
7850 2000
7849 1500
7848 1800
7847 1100
7846 700
7845 1100
7844 1200
7843 1200
7842 1700
7841 1500
7840 1700
7839 1500
7838 1800
7837 1700
7836 2000
7835 1800
7834 1600
7833 1100
7832 1400
7831 1600
7830 1200
7829 1500
7828 1700
7827 1600
7826 1700
7825 1500
7824 1800
7823 1300
7822 1300
7821 1300
7820 1400
7819 2100
7818 1600
7817 1400
7816 1900
7815 1700
7814 1300
7813 2600
7812 1600
7811 1800
7810 1700
7809 1900
7808 1800
7807 1400
7806 2000
7805 2000
7804 1400
7803 1300
7802 1200
7801 1600
7800 1300
7799 1900
7798 2000
7797 5000
7796 2200
7795 1600
7794 1500
7793 1400
7792 1500
7791 1800
7790 1400
7789 1500
7788 2000
7787 1800
7786 1500
7785 1000
7784 1300
7783 1800
7782 2400
7781 2100
7780 1500
7779 1400
7778 1700
7777 1400
7776 1400
7775 1600
7774 1500
7773 1600
7772 1400
7771 1800
7770 3100
7769 2000
7768 2800
7767 1700
7766 1500
7765 1400
7764 1300
7763 1600
7762 2200
7761 3800
7760 1900
7759 1700
7758 1900
7757 1400
7756 1800
7755 1900
7754 1400
7753 1600
7752 1300
7751 1300
7750 1500
7749 1000
7748 1600
7747 1200
7746 1900
7745 1500
7744 1500
7743 1200
7742 1500
7741 1200
7740 1100
7739 1400
7738 2900
7737 2000
7736 1900
7735 1700
7734 1200
7733 1400
7732 1400
7731 1600
7730 1700
7729 1300
7728 1300
7727 1800
7726 1900
7725 3800
7724 2100
7723 1700
7722 1700
7721 2200
7720 1300
7719 1400
7718 2000
7717 1800
7716 1600
7715 1800
7714 2000
7713 1800
7712 1300
7711 1200
7710 1800
7709 1900
7708 1400
7707 1500
7706 1300
7705 1800
7704 1500
7703 1400
7702 1400
7701 1000
7700 1000
7699 1500
7698 1300
7697 1500
7696 2200
7695 2200
7694 2300
7693 1600
7692 2500
7691 2200
7690 6600
7689 1700
7688 1300
7687 1800
7686 1100
7685 900
7684 1900
7683 1600
7682 1400
7681 1600
7680 1500
7679 1300
7678 1300
7677 1200
7676 2100
7675 1800
7674 5200
7673 5300
7672 1400
7671 2300
7670 1800
7669 1500
7668 1500
7667 1600
7666 1600
7665 1400
7664 900
7663 1600
7662 1300
7661 1500
7660 1800
7659 1300
7658 1500
7657 1700
7656 1200
7655 1600
7654 1300
7653 1300
7652 1900
7651 1200
7650 1500
7649 1600
7648 1800
7647 2500
7646 2500
7645 2200
7644 1400
7643 1900
7642 1200
7641 1300
7640 1500
7639 2300
7638 1800
7637 1200
7636 1400
7635 1300
7634 1800
7633 1200
7632 2100
7631 2100
7630 1700
7629 8000
7628 2000
7627 1000
7626 1300
7625 1300
7624 1500
7623 1600
7622 1300
7621 1800
7620 1300
7619 1700
7618 1300
7617 1300
7616 1400
7615 1200
7614 1200
7613 1300
7612 1400
7611 1800
7610 1600
7609 1400
7608 1500
7607 1700
7606 1000
7605 1400
7604 1700
7603 2400
7602 2700
7601 2500
7600 1700
7599 1300
7598 1200
7597 1500
7596 1400
7595 1300
7594 1500
7593 1500
7592 1900
7591 2000
7590 1900
7589 1600
7588 1400
7587 1300
7586 1500
7585 1500
7584 2300
7583 2400
7582 1900
7581 1600
7580 1100
7579 1300
7578 1400
7577 1300
7576 1800
7575 1400
7574 1200
7573 1500
7572 1900
7571 1600
7570 2000
7569 4700
7568 2100
7567 2100
7566 1500
7565 1400
7564 1200
7563 1500
7562 1400
7561 1500
7560 1500
7559 1600
7558 1300
7557 1500
7556 1400
7555 1400
7554 1500
7553 900
7552 1100
7551 1300
7550 2000
7549 1600
7548 1200
7547 1400
7546 1500
7545 1300
7544 1200
7543 1700
7542 1300
7541 1300
7540 1200
7539 1800
7538 1400
7537 1000
7536 1300
7535 1200
7534 1500
7533 1200
7532 2800
7531 1700
7530 2000
7529 2600
7528 9000
7527 1800
7526 1600
7525 1300
7524 3700
7523 1800
7522 1200
7521 1500
7520 2000
7519 1700
7518 1700
7517 1300
7516 1700
7515 1100
7514 1000
7513 1300
7512 1300
7511 1400
7510 1700
7509 1500
7508 1600
7507 1100
7506 1400
7505 1500
7504 1600
7503 1600
7502 1100
7501 1500
7500 1600
7499 1500
7498 900
7497 1400
7496 1400
7495 1500
7494 1600
7493 1800
7492 1400
7491 1400
7490 1200
7489 2100
7488 2200
7487 1600
7486 2100
7485 2600
7484 2400
7483 1400
7482 1400
7481 1300
7480 1600
7479 1200
7478 1600
7477 1300
7476 1800
7475 2800
7474 1700
7473 1600
7472 1800
7471 2900
7470 1700
7469 2800
7468 1600
7467 1700
7466 1700
7465 1500
7464 1900
7463 1500
7462 1200
7461 1300
7460 1600
7459 1100
7458 1300
7457 2700
7456 2200
7455 1800
7454 3000
7453 2500
7452 5600
7451 2100
7450 1100
7449 1300
7448 1700
7447 1800
7446 1800
7445 1300
7444 1000
7443 1200
7442 1800
7441 1400
7440 1300
7439 1600
7438 2100
7437 1500
7436 2000
7435 1300
7434 2000
7433 1500
7432 1200
7431 1300
7430 1500
7429 1000
7428 1200
7427 1600
7426 1800
7425 1200
7424 1300
7423 1200
7422 1200
7421 1300
7420 1800
7419 1100
7418 1200
7417 1600
7416 2400
7415 5000
7414 1600
7413 1700
7412 2700
7411 2100
7410 1100
7409 1100
7408 1600
7407 1300
7406 1200
7405 1100
7404 1400
7403 2000
7402 3000
7401 1400
7400 1800
7399 3000
7398 2200
7397 11600
7396 1800
7395 1600
7394 1900
7393 1600
7392 1700
7391 1600
7390 1300
7389 2600
7388 1500
7387 1400
7386 1600
7385 1300
7384 1500
7383 900
7382 1500
7381 1700
7380 1200
7379 1400
7378 1700
7377 1300
7376 1200
7375 1300
7374 1500
7373 1600
7372 1200
7371 1500
7370 2000
7369 1700
7368 1500
7367 1800
7366 1300
7365 1000
7364 1600
7363 1500
7362 1800
7361 2100
7360 2500
7359 4400
7358 2400
7357 1600
7356 1400
7355 1500
7354 1400
7353 2000
7352 1500
7351 1400
7350 1900
7349 1600
7348 1400
7347 1600
7346 1400
7345 1500
7344 1500
7343 1300
7342 1300
7341 2000
7340 1600
7339 2700
7338 1500
7337 1300
7336 1700
7335 1500
7334 1600
7333 1200
7332 1500
7331 1600
7330 1800
7329 1300
7328 1800
7327 1100
7326 1600
7325 1400
7324 1600
7323 1600
7322 1400
7321 1400
7320 1400
7319 1900
7318 1800
7317 1000
7316 1500
7315 1800
7314 1000
7313 1800
7312 2100
7311 1300
7310 1500
7309 1800
7308 3200
7307 1900
7306 1700
7305 1500
7304 1800
7303 1800
7302 1200
7301 1600
7300 2000
7299 5400
7298 2000
7297 1800
7296 1400
7295 1200
7294 1500
7293 2100
7292 2100
7291 1500
7290 1400
7289 2200
7288 1500
7287 1600
7286 1400
7285 1300
7284 1900
7283 1600
7282 1400
7281 1800
7280 1800
7279 1700
7278 3500
7277 1600
7276 1300
7275 1300
7274 1800
7273 1700
7272 1600
7271 1300
7270 1100
7269 1300
7268 1300
7267 2100
7266 1500
7265 1500
7264 1100
7263 3400
7262 2500
7261 3300
7260 1900
7259 1500
7258 1700
7257 1500
7256 1400
7255 1100
7254 1900
7253 1100
7252 1300
7251 1600
7250 1600
7249 1400
7248 1600
7247 1800
7246 1800
7245 1900
7244 1800
7243 3800
7242 2400
7241 2100
7240 1500
7239 1000
7238 1500
7237 3500
7236 1700
7235 1300
7234 2100
7233 1400
7232 1200
7231 1200
7230 2200
7229 1600
7228 1400
7227 2300
7226 2200
7225 3700
7224 1900
7223 1800
7222 1600
7221 2600
7220 2100
7219 2300
7218 2200
7217 1800
7216 1600
7215 2600
7214 2700
7213 3200
7212 1900
7211 1800
7210 2200
7209 2000
7208 2400
7207 3000
7206 4200
7205 1600
7204 1700
7203 1300
7202 1800
7201 1900
7200 1700
7199 2800
7198 2900
7197 2000
7196 5100
7195 2300
7194 2600
7193 2500
7192 2200
7191 1900
7190 1700
7189 1400
7188 1300
7187 1300
7186 1500
7185 2000
7184 1400
7183 1100
7182 1300
7181 1400
7180 1700
7179 2400
7178 2000
7177 2800
7176 1900
7175 1700
7174 1100
7173 1400
7172 1700
7171 1500
7170 1700
7169 1500
7168 2100
7167 1900
7166 1400
7165 1400
7164 2300
7163 5000
7162 2400
7161 1600
7160 1200
7159 1300
7158 1600
7157 1300
7156 1300
7155 1600
7154 1500
7153 1300
7152 1100
7151 2600
7150 2500
7149 1800
7148 2200
7147 1700
7146 1400
7145 2300
7144 3000
7143 6600
7142 2600
7141 1300
7140 1600
7139 900
7138 1500
7137 1300
7136 1100
7135 1600
7134 1400
7133 1300
7132 1400
7131 1900
7130 1300
7129 1400
7128 2000
7127 2000
7126 2000
7125 3300
7124 4700
7123 1900
7122 2600
7121 1300
7120 1500
7119 1600
7118 1700
7117 1500
7116 1900
7115 1500
7114 1600
7113 2400
7112 1900
7111 6300
7110 4600
7109 2200
7108 2200
7107 2300
7106 2300
7105 1800
7104 2000
7103 1300
7102 1300
7101 1400
7100 4800
7099 2100
7098 1500
7097 1100
7096 1500
7095 1900
7094 1500
7093 1500
7092 1400
7091 2400
7090 1900
7089 2200
7088 1800
7087 2100
7086 1700
7085 1900
7084 1500
7083 1500
7082 1100
7081 1800
7080 1300
7079 1500
7078 1400
7077 1600
7076 1500
7075 3500
7074 2000
7073 5100
7072 2100
7071 1900
7070 1700
7069 1900
7068 2300
7067 1800
7066 1100
7065 1300
7064 1900
7063 1100
7062 1500
7061 2300
7060 3900
7059 1700
7058 2100
7057 1600
7056 1700
7055 3400
7054 1500
7053 1800
7052 1500
7051 2500
7050 3200
7049 6700
7048 3300
7047 3000
7046 2300
7045 16200
7044 1400
7043 1500
7042 1800
7041 1800
7040 12400
7039 2200
7038 2200
7037 2000
7036 1600
7035 2200
7034 2200
7033 1700
7032 1500
7031 1800
7030 3400
7029 2800
7028 6700
7027 2200
7026 1600
7025 2500
7024 1700
7023 1600
7022 1300
7021 1600
7020 2500
7019 1900
7018 8000
7017 6300
7016 1300
7015 2000
7014 1600
7013 1900
7012 1500
7011 1400
7010 1500
7009 1200
7008 1200
7007 1500
7006 1500
7005 1500
7004 1900
7003 2200
7002 4800
7001 1800
7000 1900
6999 1300
6998 2100
6997 2000
6996 2200
6995 2200
6994 1400
6993 1000
6992 1000
6991 2100
6990 2100
6989 5900
6988 1800
6987 1700
6986 1700
6985 1600
6984 1100
6983 1600
6982 1200
6981 1200
6980 1100
6979 1600
6978 1500
6977 1300
6976 1800
6975 5100
6974 5600
6973 1600
6972 1100
6971 1700
6970 1700
6969 1700
6968 1600
6967 1800
6966 2100
6965 3700
6964 2700
6963 3100
6962 6700
6961 2300
6960 1700
6959 1700
6958 1400
6957 1300
6956 2200
6955 1500
6954 1200
6953 1600
6952 1500
6951 2500
6950 5200
6949 6100
6948 1900
6947 2000
6946 1500
6945 1800
6944 1300
6943 1400
6942 2200
6941 1500
6940 2200
6939 1700
6938 2600
6937 2600
6936 1600
6935 2400
6934 4300
6933 1700
6932 1600
6931 1700
6930 2200
6929 1600
6928 1600
6927 1500
6926 1300
6925 1100
6924 1900
6923 2100
6922 1900
6921 6900
6920 4000
6919 2000
6918 1400
6917 2100
6916 1100
6915 1600
6914 1300
6913 1400
6912 1300
6911 1200
6910 1500
6909 1400
6908 2200
6907 1600
6906 1800
6905 6500
6904 14200
6903 2600
6902 1500
6901 1500
6900 2100
6899 1600
6898 1300
6897 1500
6896 1300
6895 1100
6894 1400
6893 1600
6892 3200
6891 2000
6890 5100
6889 9800
6888 2500
6887 2400
6886 2100
6885 1500
6884 1500
6883 1600
6882 2000
6881 3500
6880 1800
6879 8400
6878 6200
6877 2100
6876 1700
6875 1600
6874 1400
6873 1000
6872 1600
6871 1700
6870 1400
6869 3400
6868 4000
6867 2900
6866 9600
6865 1600
6864 2400
6863 1500
6862 2200
6861 4000
6860 2200
6859 2600
6858 2000
6857 1900
6856 1700
6855 2100
6854 800
6853 1400
6852 1200
6851 1400
6850 1400
6849 1300
6848 1200
6847 2400
6846 2100
6845 6700
6844 2000
6843 1700
6842 1500
6841 1300
6840 1400
6839 1500
6838 1800
6837 1600
6836 2200
6835 3100
6834 1400
6833 5700
6832 3900
6831 2700
6830 2100
6829 1900
6828 1200
6827 1700
6826 1500
6825 1400
6824 1700
6823 1200
6822 1500
6821 1300
6820 2200
6819 2400
6818 2000
6817 5400
6816 2300
6815 1400
6814 1200
6813 800
6812 1600
6811 900
6810 1600
6809 2300
6808 4000
6807 2700
6806 7200
6805 2100
6804 1500
6803 1500
6802 1200
6801 1300
6800 1400
6799 1700
6798 1000
6797 1500
6796 1400
6795 1500
6794 2200
6793 1500
6792 1600
6791 11200
6790 2500
6789 2100
6788 1800
6787 1400
6786 1200
6785 1300
6784 900
6783 2100
6782 1700
6781 1600
6780 1700
6779 3000
6778 4600
6777 8000
6776 1900
6775 1500
6774 1500
6773 2100
6772 1900
6771 1700
6770 1300
6769 1800
6768 2600
6767 1500
6766 1800
6765 2300
6764 6200
6763 2600
6762 2400
6761 1800
6760 1400
6759 1500
6758 1300
6757 1300
6756 1300
6755 1600
6754 1400
6753 1400
6752 1700
6751 2100
6750 2100
6749 3800
6748 4200
6747 2600
6746 1800
6745 1800
6744 1000
6743 1600
6742 1200
6741 900
6740 1400
6739 1200
6738 1300
6737 1800
6736 2000
6735 2400
6734 5100
6733 9100
6732 2800
6731 1900
6730 1800
6729 2100
6728 1600
6727 2700
6726 1600
6725 3000
6724 1800
6723 4900
6722 2900
6721 2000
6720 1500
6719 5500
6718 2100
6717 1800
6716 2000
6715 2800
6714 2300
6713 2200
6712 2200
6711 2700
6710 7900
6709 8200
6708 2000
6707 1700
6706 2600
6705 2800
6704 1800
6703 2300
6702 2500
6701 5400
6700 4700
6699 1800
6698 2900
6697 1800
6696 1700
6695 1900
6694 2100
6693 1600
6692 1700
6691 1600
6690 1800
6689 3400
6688 5200
6687 2300
6686 1600
6685 2500
6684 1800
6683 2100
6682 1600
6681 1500
6680 1600
6679 1300
6678 1500
6677 1600
6676 2700
6675 1900
6674 2200
6673 1500
6672 1300
6671 1200
6670 1200
6669 2000
6668 1600
6667 2000
6666 2000
6665 1600
6664 1500
6663 2100
6662 2100
6661 4300
6660 2500
6659 1400
6658 1700
6657 1700
6656 1600
6655 2400
6654 2000
6653 2300
6652 2000
6651 2700
6650 3800
6649 8800
6648 6800
6647 1900
6646 1600
6645 2000
6644 1500
6643 1300
6642 1500
6641 1200
6640 1500
6639 1100
6638 1500
6637 1400
6636 5800
6635 3200
6634 5800
6633 5400
6632 2300
6631 2300
6630 1900
6629 1500
6628 1300
6627 1600
6626 1100
6625 1500
6624 1600
6623 1600
6622 5500
6621 4300
6620 1600
6619 1600
6618 3500
6617 1800
6616 1800
6615 1400
6614 1800
6613 2000
6612 2100
6611 1800
6610 2800
6609 2000
6608 1900
6607 1400
6606 1300
6605 1700
6604 1300
6603 2000
6602 1800
6601 1700
6600 1800
6599 1600
6598 2100
6597 2600
6596 2100
6595 7900
6594 2100
6593 1300
6592 1400
6591 1400
6590 1600
6589 1600
6588 1500
6587 1700
6586 1600
6585 1100
6584 1200
6583 2200
6582 2400
6581 10100
6580 10300
6579 2600
6578 1800
6577 1800
6576 1700
6575 2100
6574 1700
6573 1600
6572 1600
6571 1900
6570 1600
6569 1500
6568 7800
6567 1800
6566 1700
6565 1600
6564 1300
6563 1500
6562 1600
6561 2800
6560 1100
6559 2500
6558 1900
6557 7600
6556 7700
6555 4100
6554 2300
6553 1700
6552 2100
6551 1300
6550 1600
6549 1500
6548 1200
6547 1700
6546 1900
6545 3000
6544 2400
6543 2100
6542 1600
6541 1600
6540 1500
6539 1600
6538 1200
6537 1700
6536 1000
6535 2000
6534 2100
6533 17500
6532 2100
6531 1400
6530 1900
6529 1900
6528 1600
6527 1600
6526 1500
6525 1500
6524 1400
6523 1300
6522 1700
6521 3200
6520 2100
6519 2400
6518 1800
6517 2100
6516 4700
6515 2100
6514 1600
6513 2000
6512 2800
6511 1500
6510 3600
6509 5300
6508 2700
6507 1800
6506 1600
6505 1600
6504 1600
6503 1600
6502 1000
6501 1500
6500 1500
6499 1500
6498 1700
6497 1300
6496 2600
6495 5700
6494 3000
6493 2000
6492 1300
6491 1800
6490 1800
6489 1400
6488 1800
6487 1700
6486 1000
6485 1300
6484 1400
6483 1500
6482 2600
6481 3700
6480 5500
6479 1800
6478 1400
6477 1900
6476 1800
6475 1300
6474 1200
6473 2200
6472 1600
6471 1600
6470 1500
6469 2000
6468 4700
6467 1900
6466 1900
6465 1500
6464 1700
6463 1700
6462 1200
6461 900
6460 1500
6459 1800
6458 1300
6457 1400
6456 2400
6455 4900
6454 2100
6453 2600
6452 2900
6451 1800
6450 2100
6449 1400
6448 1400
6447 1000
6446 1500
6445 1900
6444 2200
6443 1700
6442 3300
6441 4600
6440 1800
6439 2300
6438 1500
6437 1500
6436 1900
6435 900
6434 1300
6433 1400
6432 1500
6431 1200
6430 1100
6429 2300
6428 6800
6427 1600
6426 2700
6425 1700
6424 1200
6423 1600
6422 1400
6421 1600
6420 1300
6419 1400
6418 800
6417 3100
6416 2100
6415 4500
6414 3700
6413 2200
6412 2100
6411 1700
6410 1700
6409 1600
6408 1500
6407 1500
6406 1900
6405 1400
6404 1200
6403 1600
6402 3600
6401 13700
6400 5300
6399 2600
6398 2600
6397 1600
6396 3300
6395 2400
6394 1900
6393 1500
6392 1000
6391 1200
6390 2800
6389 2800
6388 2500
6387 1700
6386 1800
6385 1700
6384 1800
6383 1400
6382 1600
6381 2000
6380 3500
6379 5800
6378 7700
6377 1600
6376 1800
6375 1600
6374 1600
6373 1600
6372 1500
6371 2100
6370 3800
6369 4400
6368 3100
6367 2400
6366 2100
6365 1600
6364 1400
6363 1600
6362 1300
6361 1300
6360 1500
6359 1500
6358 1700
6357 2000
6356 2400
6355 2200
6354 1600
6353 1200
6352 1400
6351 1200
6350 1500
6349 1300
6348 1300
6347 900
6346 1300
6345 1400
6344 1400
6343 1000
6342 1000
6341 2900
6340 1700
6339 4300
6338 2400
6337 2100
6336 1500
6335 1600
6334 900
6333 1400
6332 1700
6331 1400
6330 1200
6329 1300
6328 700
6327 1300
6326 1400
6325 2400
6324 1800
6323 2000
6322 1800
6321 1900
6320 1600
6319 1600
6318 1200
6317 1500
6316 1900
6315 1500
6314 1400
6313 900
6312 1400
6311 1700
6310 1400
6309 1400
6308 1900
6307 1100
6306 1300
6305 1500
6304 2000
6303 7100
6302 4400
6301 1700
6300 1500
6299 1400
6298 1400
6297 1600
6296 1200
6295 1300
6294 1400
6293 1900
6292 1400
6291 1700
6290 1800
6289 2000
6288 1700
6287 1800
6286 2300
6285 1800
6284 1800
6283 1500
6282 1900
6281 1700
6280 2100
6279 2000
6278 1600
6277 1400
6276 1200
6275 1400
6274 1600
6273 1800
6272 1600
6271 1500
6270 1800
6269 1600
6268 1400
6267 2300
6266 9900
6265 2000
6264 1600
6263 1800
6262 1900
6261 1900
6260 1800
6259 1600
6258 1700
6257 1700
6256 1600
6255 1200
6254 1800
6253 1700
6252 1600
6251 2300
6250 1800
6249 2200
6248 1400
6247 2100
6246 4100
6245 2100
6244 2100
6243 2200
6242 1700
6241 1700
6240 1300
6239 900
6238 1200
6237 15200
6236 1400
6235 1600
6234 1300
6233 1900
6232 2200
6231 2100
6230 1800
6229 2400
6228 2500
6227 1800
6226 1700
6225 1300
6224 1200
6223 1100
6222 1000
6221 1200
6220 1400
6219 1600
6218 1400
6217 1300
6216 1200
6215 1100
6214 1200
6213 1300
6212 1900
6211 1400
6210 1400
6209 1600
6208 1900
6207 2200
6206 2200
6205 1400
6204 1600
6203 1600
6202 2200
6201 2000
6200 4000
6199 1900
6198 2800
6197 2500
6196 2000
6195 2300
6194 2200
6193 2200
6192 4600
6191 2000
6190 1900
6189 1800
6188 1800
6187 1000
6186 1800
6185 1600
6184 1000
6183 1600
6182 1300
6181 1400
6180 1900
6179 1500
6178 1300
6177 2100
6176 1500
6175 1200
6174 2000
6173 2000
6172 1500
6171 1700
6170 1400
6169 1600
6168 1600
6167 3200
6166 1600
6165 1200
6164 1300
6163 1600
6162 1300
6161 1500
6160 1600
6159 1500
6158 1300
6157 2100
6156 1900
6155 1700
6154 1300
6153 1500
6152 3300
6151 3500
6150 2100
6149 1400
6148 2100
6147 1900
6146 1000
6145 900
6144 1300
6143 1000
6142 1500
6141 1200
6140 1400
6139 800
6138 1100
6137 1000
6136 1500
6135 1600
6134 1200
6133 1300
6132 2000
6131 1600
6130 5400
6129 1900
6128 2000
6127 1800
6126 1200
6125 1700
6124 1800
6123 1700
6122 1700
6121 1100
6120 1300
6119 1200
6118 1500
6117 1200
6116 1500
6115 1100
6114 1500
6113 1500
6112 1600
6111 1900
6110 1400
6109 1400
6108 1400
6107 1400
6106 1500
6105 1100
6104 1300
6103 2300
6102 2700
6101 2000
6100 1300
6099 1500
6098 1300
6097 1300
6096 1400
6095 1300
6094 3100
6093 2000
6092 3700
6091 1800
6090 1700
6089 1400
6088 1000
6087 1500
6086 1400
6085 1400
6084 1700
6083 1400
6082 1300
6081 1200
6080 1000
6079 1300
6078 1000
6077 1300
6076 2700
6075 1500
6074 1400
6073 1400
6072 600
6071 2200
6070 3400
6069 2000
6068 1700
6067 1200
6066 1600
6065 1400
6064 1600
6063 1100
6062 1400
6061 1200
6060 1300
6059 1700
6058 1000
6057 1400
6056 1100
6055 1600
6054 2000
6053 1300
6052 1900
6051 2900
6050 900
6049 1300
6048 2000
6047 4200
6046 2300
6045 1600
6044 2100
6043 1600
6042 1400
6041 1600
6040 1500
6039 1100
6038 900
6037 1400
6036 1500
6035 900
6034 1300
6033 1200
6032 1400
6031 2400
6030 4900
6029 2400
6028 1800
6027 1300
6026 1500
6025 1300
6024 1400
6023 600
6022 1400
6021 1100
6020 1400
6019 1900
6018 1300
6017 1500
6016 800
6015 1400
6014 1100
6013 1400
6012 1700
6011 2100
6010 1500
6009 1500
6008 1100
6007 1400
6006 1200
6005 900
6004 1400
6003 1900
6002 1400
6001 1700
6000 1000
5999 1300
5998 1200
5997 1800
5996 1600
5995 2200
5994 1800
5993 1700
5992 900
5991 1800
5990 2300
5989 9300
5988 1600
5987 1400
5986 1000
5985 1500
5984 1400
5983 1400
5982 1400
5981 1200
5980 1200
5979 1100
5978 1300
5977 1600
5976 1400
5975 1700
5974 1500
5973 1900
5972 2100
5971 5400
5970 1900
5969 2100
5968 1400
5967 2100
5966 2300
5965 1700
5964 1700
5963 2100
5962 1700
5961 2100
5960 2700
5959 2400
5958 3800
5957 2300
5956 5800
5955 2500
5954 1500
5953 1500
5952 1200
5951 1800
5950 2100
5949 2300
5948 1900
5947 1700
5946 2000
5945 3300
5944 2300
5943 1700
5942 1300
5941 1900
5940 1100
5939 1900
5938 1600
5937 1600
5936 1700
5935 1800
5934 1600
5933 1500
5932 2100
5931 2000
5930 1600
5929 1800
5928 1400
5927 1400
5926 1300
5925 1200
5924 2200
5923 4600
5922 3500
5921 2600
5920 2700
5919 1500
5918 1300
5917 1600
5916 1500
5915 2200
5914 1700
5913 1900
5912 1400
5911 1200
5910 1200
5909 1400
5908 1500
5907 2600
5906 1600
5905 1500
5904 5100
5903 2300
5902 1700
5901 1200
5900 1100
5899 1700
5898 1300
5897 1800
5896 1500
5895 1600
5894 1600
5893 1600
5892 1400
5891 1300
5890 1500
5889 1800
5888 1600
5887 1400
5886 1800
5885 1600
5884 2200
5883 1500
5882 1300
5881 1300
5880 1600
5879 1700
5878 1200
5877 3400
5876 2400
5875 2000
5874 1900
5873 1700
5872 1400
5871 1800
5870 1500
5869 1300
5868 1200
5867 2600
5866 3400
5865 7200
5864 1500
5863 1800
5862 1400
5861 1600
5860 1500
5859 1700
5858 800
5857 1500
5856 1400
5855 600
5854 900
5853 1100
5852 1300
5851 1700
5850 1200
5849 1200
5848 1200
5847 1800
5846 2300
5845 2000
5844 1600
5843 1300
5842 2000
5841 1500
5840 1500
5839 1600
5838 2000
5837 1700
5836 2000
5835 1500
5834 1600
5833 1600
5832 1700
5831 1500
5830 1600
5829 1700
5828 1600
5827 1300
5826 6100
5825 1500
5824 900
5823 1400
5822 1600
5821 1400
5820 1300
5819 1600
5818 1200
5817 2100
5816 1900
5815 1100
5814 1700
5813 1700
5812 1700
5811 1500
5810 1300
5809 1500
5808 1200
5807 1100
5806 1900
5805 2000
5804 4400
5803 2000
5802 1600
5801 2500
5800 1400
5799 1300
5798 1300
5797 1600
5796 1500
5795 1500
5794 1500
5793 1500
5792 1300
5791 1400
5790 1300
5789 1400
5788 1300
5787 1000
5786 1200
5785 1600
5784 1400
5783 1500
5782 1100
5781 1800
5780 1700
5779 3400
5778 1800
5777 1400
5776 1500
5775 1200
5774 1500
5773 1400
5772 2400
5771 2100
5770 2500
5769 1800
5768 2000
5767 2500
5766 2500
5765 8100
5764 1900
5763 1400
5762 1300
5761 1000
5760 1500
5759 1200
5758 1500
5757 1200
5756 1100
5755 1300
5754 4000
5753 1500
5752 1800
5751 1300
5750 1200
5749 1800
5748 3500
5747 2000
5746 1700
5745 1800
5744 1300
5743 1300
5742 1200
5741 1400
5740 1100
5739 1500
5738 1400
5737 2100
5736 2300
5735 2700
5734 2300
5733 1200
5732 2100
5731 1500
5730 1200
5729 1700
5728 6300
5727 2300
5726 1200
5725 1700
5724 1400
5723 1500
5722 1500
5721 1600
5720 1300
5719 1400
5718 2600
5717 2000
5716 2200
5715 2600
5714 1900
5713 2500
5712 2300
5711 1400
5710 1600
5709 1300
5708 1400
5707 1300
5706 1700
5705 1400
5704 1300
5703 1400
5702 1200
5701 1400
5700 1300
5699 1700
5698 2100
5697 2000
5696 1500
5695 2100
5694 1100
5693 2600
5692 2200
5691 2700
5690 1400
5689 1300
5688 1800
5687 1600
5686 1100
5685 1400
5684 1400
5683 1300
5682 1700
5681 1500
5680 1500
5679 1300
5678 1500
5677 1300
5676 1400
5675 1200
5674 1300
5673 2000
5672 4200
5671 1600
5670 1800
5669 1600
5668 1400
5667 1500
5666 1500
5665 1400
5664 1200
5663 1400
5662 1500
5661 1600
5660 1200
5659 1400
5658 900
5657 1400
5656 1300
5655 1200
5654 1100
5653 1400
5652 1800
5651 1800
5650 2000
5649 1300
5648 1200
5647 1400
5646 1000
5645 2100
5644 2100
5643 3700
5642 2300
5641 1500
5640 2200
5639 1400
5638 1000
5637 700
5636 1400
5635 1200
5634 1200
5633 1500
5632 1100
5631 2100
5630 4400
5629 2400
5628 2000
5627 1400
5626 1600
5625 1100
5624 1500
5623 1400
5622 1300
5621 1500
5620 1400
5619 1300
5618 1800
5617 1400
5616 1000
5615 1100
5614 1500
5613 1100
5612 1700
5611 1500
5610 1600
5609 1300
5608 1200
5607 1400
5606 1400
5605 1400
5604 1500
5603 1400
5602 1200
5601 1300
5600 1300
5599 1800
5598 1200
5597 1500
5596 1300
5595 1200
5594 1500
5593 1500
5592 1400
5591 1200
5590 1000
5589 1700
5588 1500
5587 2400
5586 2200
5585 1400
5584 3100
5583 2000
5582 1800
5581 1500
5580 1300
5579 1100
5578 1600
5577 1400
5576 900
5575 1400
5574 1500
5573 1700
5572 1200
5571 1400
5570 1200
5569 1600
5568 1900
5567 5000
5566 2100
5565 1500
5564 1600
5563 1600
5562 1700
5561 1500
5560 1700
5559 1200
5558 1200
5557 1400
5556 1100
5555 1300
5554 1200
5553 1900
5552 1000
5551 1100
5550 1200
5549 1500
5548 900
5547 1500
5546 1600
5545 1200
5544 1300
5543 1400
5542 1700
5541 1800
5540 1600
5539 1100
5538 1400
5537 1300
5536 1500
5535 1900
5534 2300
5533 2700
5532 1300
5531 1500
5530 1600
5529 2000
5528 1600
5527 11000
5526 2100
5525 1500
5524 1400
5523 1400
5522 1500
5521 1300
5520 1100
5519 900
5518 1400
5517 1500
5516 900
5515 1200
5514 1300
5513 1500
5512 1200
5511 1300
5510 1000
5509 1200
5508 1800
5507 1700
5506 2200
5505 1600
5504 1600
5503 1500
5502 1100
5501 1300
5500 1400
5499 1300
5498 1200
5497 1200
5496 1100
5495 1200
5494 2500
5493 1700
5492 1500
5491 2000
5490 1900
5489 1000
5488 1800
5487 2400
5486 2100
5485 2200
5484 1700
5483 1800
5482 4600
5481 2800
5480 1600
5479 1500
5478 1100
5477 1200
5476 1400
5475 1200
5474 1300
5473 1200
5472 1300
5471 1700
5470 1600
5469 3600
5468 2200
5467 1400
5466 500
5465 1100
5464 1600
5463 1500
5462 1300
5461 1300
5460 1700
5459 1100
5458 1700
5457 1400
5456 1500
5455 1600
5454 1700
5453 3200
5452 3500
5451 2500
5450 2000
5449 1700
5448 1700
5447 1500
5446 1500
5445 1500
5444 1300
5443 1400
5442 1400
5441 800
5440 1600
5439 1300
5438 1500
5437 1300
5436 1400
5435 1200
5434 1100
5433 2600
5432 1800
5431 3500
5430 2400
5429 1300
5428 1900
5427 1100
5426 1500
5425 1200
5424 1800
5423 1200
5422 1600
5421 1500
5420 2100
5419 1500
5418 1600
5417 2200
5416 1900
5415 2000
5414 2300
5413 1800
5412 2200
5411 1300
5410 2200
5409 1800
5408 1700
5407 2000
5406 1500
5405 1200
5404 1500
5403 1400
5402 1600
5401 1200
5400 1900
5399 1400
5398 1900
5397 1100
5396 2200
5395 2000
5394 4200
5393 1700
5392 1400
5391 1300
5390 1500
5389 1100
5388 1600
5387 1400
5386 1300
5385 1200
5384 1100
5383 1300
5382 1200
5381 1400
5380 1500
5379 1200
5378 1800
5377 1200
5376 1800
5375 1500
5374 1500
5373 1000
5372 1500
5371 1500
5370 1500
5369 1300
5368 1200
5367 1400
5366 1400
5365 700
5364 1600
5363 2000
5362 9600
5361 2000
5360 1700
5359 1900
5358 2200
5357 3600
5356 2100
5355 2500
5354 2300
5353 1200
5352 2000
5351 1600
5350 1000
5349 1500
5348 1800
5347 1700
5346 1400
5345 1300
5344 1600
5343 1700
5342 1300
5341 1400
5340 1400
5339 1100
5338 1700
5337 4100
5336 1700
5335 1800
5334 900
5333 1700
5332 1400
5331 1000
5330 1300
5329 1300
5328 1900
5327 1900
5326 1400
5325 1400
5324 1400
5323 1400
5322 1800
5321 1600
5320 1300
5319 1100
5318 1500
5317 1400
5316 2100
5315 2000
5314 1600
5313 1200
5312 1300
5311 1100
5310 1500
5309 1000
5308 1600
5307 1200
5306 1400
5305 2300
5304 1300
5303 2000
5302 1600
5301 1600
5300 1200
5299 1600
5298 1400
5297 5800
5296 1300
5295 2300
5294 5500
5293 2000
5292 1500
5291 1500
5290 1600
5289 1300
5288 1500
5287 500
5286 1700
5285 1300
5284 1000
5283 700
5282 1500
5281 1500
5280 1000
5279 1700
5278 1300
5277 1600
5276 1700
5275 4600
5274 1400
5273 1800
5272 1700
5271 1700
5270 1600
5269 1300
5268 1400
5267 1100
5266 1200
5265 1400
5264 1400
5263 1500
5262 1900
5261 1500
5260 1500
5259 1300
5258 600
5257 1700
5256 1300
5255 3500
5254 2800
5253 2600
5252 2600
5251 2700
5250 2100
5249 1900
5248 1600
5247 1500
5246 1600
5245 1800
5244 1400
5243 1600
5242 1300
5241 900
5240 1800
5239 2700
5238 2700
5237 6000
5236 1300
5235 1800
5234 1500
5233 2100
5232 1500
5231 1600
5230 1400
5229 1200
5228 2000
5227 1900
5226 1900
5225 2200
5224 1900
5223 1800
5222 1700
5221 2400
5220 2000
5219 6800
5218 1900
5217 1700
5216 1500
5215 1200
5214 1600
5213 1300
5212 1300
5211 1700
5210 1700
5209 1400
5208 900
5207 1400
5206 1800
5205 1700
5204 1600
5203 1900
5202 2000
5201 1900
5200 1300
5199 1500
5198 1300
5197 1500
5196 1700
5195 1100
5194 1700
5193 1300
5192 1600
5191 1400
5190 1300
5189 2000
5188 1200
5187 1100
5186 1400
5185 1400
5184 1400
5183 1100
5182 1700
5181 1200
5180 1200
5179 1700
5178 1700
5177 3800
5176 1700
5175 1800
5174 2000
5173 1700
5172 1600
5171 1400
5170 1900
5169 1600
5168 1400
5167 2100
5166 1900
5165 1400
5164 1400
5163 1800
5162 1000
5161 3500
5160 1700
5159 1900
5158 1600
5157 1400
5156 1700
5155 1900
5154 1500
5153 1500
5152 900
5151 1500
5150 1400
5149 1200
5148 1500
5147 1400
5146 1200
5145 1900
5144 1800
5143 1500
5142 1800
5141 2400
5140 1500
5139 1600
5138 1200
5137 1600
5136 1500
5135 1500
5134 1400
5133 800
5132 1600
5131 1900
5130 2700
5129 2200
5128 1800
5127 1500
5126 1500
5125 1800
5124 1400
5123 2300
5122 1900
5121 5400
5120 1700
5119 1500
5118 1600
5117 1200
5116 1200
5115 1300
5114 1400
5113 1400
5112 1500
5111 1400
5110 1400
5109 1800
5108 1300
5107 1900
5106 1300
5105 1400
5104 1700
5103 900
5102 1200
5101 1600
5100 1500
5099 1600
5098 1700
5097 2700
5096 1400
5095 1500
5094 1400
5093 1700
5092 1500
5091 1000
5090 1200
5089 1500
5088 1700
5087 1400
5086 900
5085 1300
5084 1900
5083 1500
5082 1600
5081 1300
5080 1000
5079 1300
5078 1700
5077 1100
5076 1200
5075 1800
5074 1600
5073 2400
5072 1500
5071 1300
5070 1800
5069 1700
5068 1500
5067 1400
5066 1200
5065 2300
5064 2100
5063 6000
5062 1600
5061 1600
5060 1300
5059 900
5058 1500
5057 1500
5056 1800
5055 1700
5054 1200
5053 1600
5052 1800
5051 1400
5050 1200
5049 1500
5048 1200
5047 1600
5046 2600
5045 1500
5044 1500
5043 1700
5042 1800
5041 1500
5040 1300
5039 1700
5038 1400
5037 1400
5036 1900
5035 1300
5034 1200
5033 1500
5032 1000
5031 1500
5030 1300
5029 4100
5028 3200
5027 1700
5026 1500
5025 4000
5024 1400
5023 1900
5022 1600
5021 1400
5020 1900
5019 2300
5018 1700
5017 1900
5016 2500
5015 1500
5014 1600
5013 1500
5012 1200
5011 1300
5010 1300
5009 3500
5008 2200
5007 1700
5006 1500
5005 1800
5004 1200
5003 1600
5002 1600
5001 1300
5000 800
4999 1100
4998 1500
4997 1600
4996 3600
4995 2400
4994 2000
4993 2000
4992 1600
4991 2100
4990 1300
4989 1600
4988 1600
4987 5100
4986 2200
4985 2200
4984 2000
4983 2100
4982 1500
4981 1400
4980 1900
4979 1200
4978 1300
4977 1600
4976 1400
4975 1300
4974 1500
4973 1300
4972 1600
4971 2800
4970 2500
4969 1500
4968 1500
4967 1800
4966 1200
4965 1400
4964 1400
4963 1300
4962 1300
4961 1100
4960 1000
4959 1300
4958 1200
4957 1500
4956 1300
4955 2200
4954 1900
4953 1100
4952 2100
4951 1200
4950 1300
4949 1300
4948 2600
4947 2000
4946 1900
4945 1600
4944 1000
4943 1200
4942 1600
4941 1800
4940 1600
4939 1000
4938 1300
4937 1800
4936 1900
4935 3200
4934 1900
4933 7500
4932 2300
4931 1500
4930 1300
4929 1600
4928 1500
4927 1800
4926 1500
4925 1800
4924 800
4923 1200
4922 1300
4921 1200
4920 1100
4919 1500
4918 1500
4917 1700
4916 1100
4915 1500
4914 1800
4913 1500
4912 1400
4911 1300
4910 1400
4909 1300
4908 1200
4907 1700
4906 2400
4905 1400
4904 1800
4903 1900
4902 1300
4901 3700
4900 2600
4899 2300
4898 1800
4897 1600
4896 1100
4895 2100
4894 1700
4893 4700
4892 2200
4891 2100
4890 1900
4889 2400
4888 1400
4887 1300
4886 1000
4885 1400
4884 1500
4883 1300
4882 1400
4881 1400
4880 1900
4879 1400
4878 1200
4877 1700
4876 1300
4875 1700
4874 1500
4873 1500
4872 1700
4871 1400
4870 1300
4869 1800
4868 1700
4867 1500
4866 1500
4865 1500
4864 1600
4863 1400
4862 1600
4861 1300
4860 1200
4859 900
4858 1500
4857 1100
4856 1700
4855 1500
4854 1600
4853 3400
4852 2700
4851 1800
4850 1700
4849 1300
4848 1300
4847 1600
4846 1700
4845 1500
4844 1200
4843 1200
4842 1100
4841 1500
4840 1600
4839 1500
4838 1400
4837 2000
4836 1700
4835 1600
4834 2300
4833 4300
4832 1600
4831 1300
4830 1300
4829 1600
4828 1300
4827 1800
4826 1600
4825 1100
4824 1400
4823 1500
4822 1300
4821 1700
4820 1100
4819 1600
4818 1700
4817 1400
4816 1100
4815 2300
4814 1800
4813 1200
4812 1600
4811 1500
4810 1300
4809 1000
4808 1700
4807 1200
4806 1500
4805 1300
4804 1400
4803 1100
4802 1200
4801 1000
4800 1400
4799 1600
4798 1400
4797 1100
4796 1400
4795 1500
4794 5200
4793 2200
4792 2600
4791 2500
4790 1400
4789 1500
4788 900
4787 1500
4786 1900
4785 1800
4784 1900
4783 1500
4782 2000
4781 1000
4780 1500
4779 1300
4778 1100
4777 1500
4776 1500
4775 1300
4774 3400
4773 1700
4772 4200
4771 1600
4770 1600
4769 1600
4768 1600
4767 1400
4766 1600
4765 2500
4764 1900
4763 1000
4762 15300
4761 1100
4760 1900
4759 1300
4758 1300
4757 1300
4756 3900
4755 2500
4754 2100
4753 1300
4752 600
4751 2100
4750 1800
4749 1800
4748 1000
4747 1100
4746 2800
4745 1700
4744 2200
4743 1500
4742 1800
4741 2300
4740 900
4739 2000
4738 2400
4737 1800
4736 4300
4735 2000
4734 1400
4733 1400
4732 1300
4731 1300
4730 1200
4729 1600
4728 2000
4727 1800
4726 2400
4725 1200
4724 1300
4723 1500
4722 1500
4721 1900
4720 1300
4719 2700
4718 2500
4717 16200
4716 1300
4715 1700
4714 1800
4713 1500
4712 900
4711 1600
4710 1600
4709 1600
4708 1500
4707 1500
4706 1600
4705 2100
4704 1700
4703 1600
4702 1600
4701 1400
4700 1300
4699 1800
4698 3700
4697 1800
4696 1400
4695 1700
4694 1800
4693 1500
4692 2800
4691 1400
4690 1300
4689 1100
4688 1500
4687 1400
4686 1700
4685 1500
4684 1500
4683 1100
4682 1300
4681 1300
4680 800
4679 1200
4678 1400
4677 1600
4676 4200
4675 2700
4674 1500
4673 1500
4672 1400
4671 1500
4670 1300
4669 1000
4668 2000
4667 900
4666 1300
4665 1400
4664 1500
4663 1500
4662 1300
4661 1400
4660 1300
4659 1300
4658 1400
4657 1000
4656 1800
4655 1900
4654 1800
4653 1400
4652 1300
4651 1400
4650 1800
4649 1700
4648 1600
4647 1200
4646 1300
4645 1300
4644 2800
4643 1400
4642 3000
4641 1500
4640 1200
4639 700
4638 1300
4637 1600
4636 2100
4635 2800
4634 2400
4633 1900
4632 1700
4631 1700
4630 1600
4629 1900
4628 1400
4627 1500
4626 1700
4625 1600
4624 1100
4623 1900
4622 1900
4621 1200
4620 1300
4619 1400
4618 1500
4617 1700
4616 1900
4615 1200
4614 1200
4613 1100
4612 1200
4611 1600
4610 800
4609 1000
4608 1300
4607 1200
4606 900
4605 1100
4604 1300
4603 1200
4602 1000
4601 1400
4600 1400
4599 1200
4598 1600
4597 1300
4596 1400
4595 1600
4594 10200
4593 3000
4592 1800
4591 1900
4590 2000
4589 1400
4588 1300
4587 1500
4586 1800
4585 1300
4584 1200
4583 1200
4582 1500
4581 1500
4580 1900
4579 1100
4578 1300
4577 1200
4576 1600
4575 1500
4574 2000
4573 2000
4572 2500
4571 1600
4570 800
4569 1700
4568 1200
4567 1500
4566 1200
4565 1100
4564 1600
4563 900
4562 1300
4561 1800
4560 1200
4559 1400
4558 2700
4557 1800
4556 2400
4555 1700
4554 1500
4553 900
4552 1300
4551 1300
4550 1400
4549 1300
4548 1100
4547 1300
4546 1600
4545 1000
4544 1300
4543 1400
4542 1300
4541 1500
4540 1400
4539 1500
4538 1300
4537 1400
4536 1300
4535 800
4534 2700
4533 2600
4532 2400
4531 2800
4530 2700
4529 2000
4528 1600
4527 1900
4526 1700
4525 2100
4524 1500
4523 1400
4522 1300
4521 1700
4520 1700
4519 6500
4518 2000
4517 1700
4516 1600
4515 2000
4514 2800
4513 2000
4512 1600
4511 1800
4510 1400
4509 600
4508 1200
4507 1000
4506 1600
4505 1800
4504 1400
4503 1600
4502 2700
4501 4300
4500 1900
4499 1700
4498 1500
4497 1400
4496 1300
4495 1000
4494 1300
4493 1300
4492 1100
4491 3400
4490 1000
4489 1100
4488 900
4487 1100
4486 1400
4485 1400
4484 700
4483 1200
4482 1700
4481 1400
4480 1500
4479 1700
4478 1400
4477 1400
4476 1400
4475 1800
4474 1300
4473 1600
4472 1400
4471 1200
4470 1500
4469 1400
4468 1400
4467 1800
4466 1800
4465 2200
4464 2000
4463 1700
4462 1900
4461 2400
4460 4400
4459 1400
4458 1600
4457 1300
4456 1500
4455 1600
4454 1400
4453 1200
4452 1700
4451 1200
4450 1400
4449 1400
4448 1100
4447 1400
4446 1200
4445 1500
4444 900
4443 1300
4442 1800
4441 1300
4440 1600
4439 1500
4438 1300
4437 1600
4436 1300
4435 1200
4434 1500
4433 1400
4432 1300
4431 1300
4430 1500
4429 1400
4428 1400
4427 1600
4426 1500
4425 1400
4424 1600
4423 1300
4422 1200
4421 1500
4420 1600
4419 1700
4418 1600
4417 1500
4416 1200
4415 1300
4414 1500
4413 1300
4412 1300
4411 1400
4410 1100
4409 3100
4408 15800
4407 1900
4406 2200
4405 2000
4404 1800
4403 1200
4402 1000
4401 4000
4400 4500
4399 2500
4398 2200
4397 1600
4396 1500
4395 1600
4394 1700
4393 1800
4392 1400
4391 1300
4390 1600
4389 1500
4388 900
4387 1400
4386 1200
4385 1500
4384 1700
4383 2000
4382 1200
4381 1300
4380 1400
4379 1500
4378 1500
4377 1200
4376 1500
4375 1300
4374 1000
4373 1000
4372 1100
4371 1700
4370 1200
4369 1400
4368 1400
4367 1900
4366 1000
4365 1000
4364 1300
4363 1800
4362 1700
4361 2600
4360 1800
4359 1600
4358 1600
4357 1000
4356 1600
4355 1700
4354 1100
4353 1500
4352 1500
4351 1800
4350 1700
4349 1600
4348 1600
4347 1800
4346 1300
4345 1300
4344 1400
4343 1800
4342 7300
4341 1700
4340 1700
4339 1800
4338 1600
4337 1600
4336 1500
4335 1400
4334 1600
4333 1100
4332 1500
4331 1900
4330 1600
4329 2300
4328 2600
4327 1800
4326 2800
4325 9700
4324 2000
4323 1800
4322 1300
4321 1200
4320 2000
4319 1500
4318 1400
4317 900
4316 1600
4315 1200
4314 1500
4313 1400
4312 800
4311 1100
4310 1700
4309 1600
4308 1800
4307 2500
4306 1400
4305 1500
4304 1600
4303 1700
4302 1500
4301 1700
4300 1000
4299 1400
4298 1500
4297 1300
4296 1200
4295 1500
4294 1300
4293 1400
4292 1500
4291 1500
4290 1700
4289 1300
4288 1700
4287 1600
4286 1500
4285 2200
4284 1900
4283 1600
4282 2600
4281 2600
4280 1700
4279 2400
4278 1600
4277 2000
4276 2400
4275 1800
4274 1400
4273 1200
4272 1400
4271 1200
4270 1500
4269 1900
4268 1600
4267 2400
4266 3000
4265 2200
4264 2100
4263 3000
4262 1800
4261 1700
4260 1500
4259 1800
4258 3000
4257 2300
4256 1800
4255 1300
4254 1900
4253 2400
4252 2300
4251 1400
4250 2100
4249 1500
4248 1800
4247 1700
4246 1700
4245 1700
4244 1900
4243 2100
4242 1600
4241 2200
4240 1900
4239 2400
4238 1300
4237 1400
4236 1500
4235 2200
4234 3700
4233 2300
4232 1400
4231 1900
4230 1300
4229 1500
4228 2400
4227 1800
4226 1500
4225 1500
4224 1300
4223 1300
4222 1400
4221 1300
4220 1200
4219 1000
4218 1900
4217 2000
4216 1800
4215 1700
4214 1000
4213 1400
4212 1400
4211 1500
4210 800
4209 1400
4208 1200
4207 1600
4206 1400
4205 1500
4204 1300
4203 1500
4202 1400
4201 1200
4200 1400
4199 1100
4198 1100
4197 2000
4196 1500
4195 1600
4194 1200
4193 1500
4192 1100
4191 1600
4190 1300
4189 1800
4188 900
4187 1300
4186 1500
4185 1600
4184 1600
4183 1700
4182 2700
4181 1600
4180 1400
4179 1400
4178 2300
4177 5200
4176 2200
4175 2000
4174 2200
4173 1600
4172 1200
4171 1400
4170 1300
4169 1300
4168 1200
4167 1800
4166 1400
4165 1200
4164 1600
4163 1600
4162 1500
4161 1100
4160 1700
4159 1600
4158 1400
4157 1400
4156 1300
4155 1600
4154 1500
4153 1700
4152 1400
4151 1300
4150 1200
4149 1200
4148 1600
4147 1100
4146 1300
4145 1700
4144 1200
4143 1300
4142 1500
4141 1400
4140 1500
4139 2400
4138 1900
4137 2600
4136 2000
4135 1300
4134 1600
4133 1000
4132 1200
4131 1400
4130 3000
4129 1700
4128 1600
4127 1400
4126 1800
4125 1100
4124 1500
4123 1800
4122 1600
4121 2000
4120 4900
4119 1500
4118 1500
4117 1500
4116 2300
4115 1400
4114 1500
4113 1200
4112 1800
4111 1600
4110 1500
4109 1500
4108 1300
4107 1500
4106 1200
4105 1600
4104 1400
4103 1800
4102 1700
4101 2400
4100 1500
4099 1200
4098 1500
4097 1200
4096 1500
4095 1600
4094 2000
4093 2100
4092 1800
4091 1500
4090 1400
4089 1400
4088 1400
4087 1500
4086 1600
4085 1600
4084 1400
4083 1700
4082 2300
4081 5400
4080 2000
4079 1400
4078 1300
4077 1300
4076 1400
4075 1500
4074 1600
4073 1600
4072 1500
4071 1600
4070 1400
4069 1400
4068 1700
4067 1500
4066 1300
4065 1700
4064 1700
4063 1700
4062 1600
4061 3700
4060 2000
4059 1900
4058 1700
4057 1500
4056 1600
4055 1900
4054 1400
4053 1200
4052 1400
4051 1500
4050 1600
4049 1300
4048 900
4047 1300
4046 2400
4045 4700
4044 1400
4043 1700
4042 1200
4041 2900
4040 2000
4039 2200
4038 1900
4037 2200
4036 1600
4035 1600
4034 1800
4033 1000
4032 1200
4031 1400
4030 1500
4029 1800
4028 1900
4027 1500
4026 1600
4025 1900
4024 1800
4023 1900
4022 1300
4021 1400
4020 1800
4019 3200
4018 2700
4017 2700
4016 2700
4015 1800
4014 1200
4013 2300
4012 2000
4011 5300
4010 2000
4009 3600
4008 3900
4007 1900
4006 1900
4005 1600
4004 2000
4003 1800
4002 1700
4001 1300
4000 1500
3999 1400
3998 1300
3997 1600
3996 2100
3995 1400
3994 1700
3993 1500
3992 1500
3991 1200
3990 1700
3989 600
3988 1500
3987 1300
3986 500
3985 1100
3984 1300
3983 1700
3982 1200
3981 1700
3980 1700
3979 2600
3978 2400
3977 1900
3976 1500
3975 1700
3974 1600
3973 1800
3972 1400
3971 1400
3970 1700
3969 1800
3968 1600
3967 1100
3966 1400
3965 1200
3964 1400
3963 1600
3962 1600
3961 1800
3960 1400
3959 1700
3958 2100
3957 2500
3956 1800
3955 1600
3954 1700
3953 1800
3952 1800
3951 1400
3950 1500
3949 1500
3948 1000
3947 1800
3946 1200
3945 1400
3944 1300
3943 1400
3942 1800
3941 1000
3940 1500
3939 1700
3938 2100
3937 1600
3936 1500
3935 1100
3934 1600
3933 2100
3932 1800
3931 1600
3930 1600
3929 1500
3928 1600
3927 1300
3926 1500
3925 2000
3924 2000
3923 1900
3922 1800
3921 2300
3920 2200
3919 1600
3918 1600
3917 1900
3916 1700
3915 1700
3914 1500
3913 1700
3912 1800
3911 2000
3910 1500
3909 2000
3908 1700
3907 1700
3906 1400
3905 2600
3904 4500
3903 1900
3902 1900
3901 1300
3900 1500
3899 1200
3898 1400
3897 1600
3896 1400
3895 1500
3894 1900
3893 1400
3892 1600
3891 1400
3890 1300
3889 1800
3888 1300
3887 3400
3886 1700
3885 1700
3884 1800
3883 1400
3882 1300
3881 1200
3880 1900
3879 1800
3878 2300
3877 1800
3876 1700
3875 2600
3874 1900
3873 1800
3872 1800
3871 1500
3870 1400
3869 1500
3868 1100
3867 1500
3866 5100
3865 2100
3864 1300
3863 1500
3862 1500
3861 1600
3860 1400
3859 1500
3858 1600
3857 1400
3856 1300
3855 1300
3854 1500
3853 1600
3852 1400
3851 1800
3850 1500
3849 2000
3848 1400
3847 4500
3846 1500
3845 2600
3844 1800
3843 1500
3842 1900
3841 1700
3840 1400
3839 2000
3838 1800
3837 1500
3836 1600
3835 1700
3834 1500
3833 1700
3832 3000
3831 2700
3830 2300
3829 2000
3828 2100
3827 1700
3826 2100
3825 1300
3824 2100
3823 3500
3822 1900
3821 1500
3820 1600
3819 1400
3818 1400
3817 1800
3816 3000
3815 1500
3814 700
3813 1700
3812 1400
3811 1800
3810 1300
3809 1500
3808 1400
3807 1400
3806 4600
3805 2700
3804 1700
3803 1700
3802 1800
3801 2200
3800 2200
3799 6700
3798 2100
3797 1000
3796 1800
3795 1800
3794 1400
3793 1500
3792 1400
3791 1700
3790 1700
3789 1600
3788 1700
3787 1700
3786 2100
3785 1600
3784 2200
3783 1700
3782 1400
3781 1700
3780 1500
3779 1600
3778 1600
3777 1600
3776 1200
3775 2000
3774 1200
3773 1400
3772 900
3771 1600
3770 1500
3769 2000
3768 1600
3767 1200
3766 1700
3765 4000
3764 2400
3763 1800
3762 2100
3761 1700
3760 1600
3759 1100
3758 1900
3757 1500
3756 1500
3755 1600
3754 1400
3753 600
3752 1100
3751 2300
3750 1600
3749 1000
3748 1400
3747 1900
3746 1800
3745 2100
3744 2200
3743 1500
3742 1700
3741 1000
3740 1500
3739 1500
3738 1600
3737 1700
3736 1500
3735 1300
3734 1700
3733 1400
3732 1000
3731 1700
3730 1300
3729 1600
3728 1900
3727 1700
3726 1800
3725 1300
3724 1600
3723 1500
3722 1400
3721 1800
3720 1900
3719 1900
3718 1200
3717 1500
3716 1500
3715 1500
3714 1900
3713 1100
3712 1700
3711 1800
3710 1600
3709 2700
3708 1600
3707 1700
3706 1900
3705 1600
3704 1600
3703 1500
3702 1600
3701 2000
3700 1100
3699 1800
3698 1700
3697 1600
3696 1400
3695 1400
3694 1500
3693 1600
3692 1400
3691 2300
3690 2200
3689 5300
3688 2300
3687 2000
3686 1700
3685 1700
3684 2200
3683 1800
3682 1300
3681 1700
3680 1800
3679 2100
3678 1700
3677 2200
3676 1400
3675 1600
3674 1300
3673 1400
3672 1300
3671 1600
3670 1900
3669 1800
3668 1800
3667 1800
3666 1700
3665 1700
3664 1200
3663 1600
3662 1400
3661 1500
3660 1400
3659 1700
3658 1600
3657 1900
3656 8600
3655 2100
3654 1700
3653 2000
3652 1300
3651 1400
3650 1500
3649 1600
3648 1200
3647 1200
3646 1400
3645 1100
3644 1700
3643 1500
3642 1200
3641 1500
3640 1800
3639 1500
3638 1800
3637 2100
3636 1500
3635 2000
3634 1900
3633 1400
3632 1200
3631 1600
3630 1500
3629 1600
3628 1900
3627 1600
3626 1800
3625 2100
3624 2300
3623 2100
3622 1500
3621 1500
3620 4900
3619 1900
3618 1600
3617 1700
3616 1900
3615 1400
3614 1200
3613 2000
3612 1400
3611 1700
3610 1400
3609 2700
3608 1600
3607 1600
3606 1500
3605 2700
3604 2500
3603 2000
3602 1600
3601 1500
3600 1900
3599 1800
3598 600
3597 1300
3596 1300
3595 1500
3594 1600
3593 1500
3592 1500
3591 1500
3590 2600
3589 3100
3588 2600
3587 4000
3586 1600
3585 1800
3584 1700
3583 2200
3582 1900
3581 1900
3580 1900
3579 1500
3578 1200
3577 1600
3576 2100
3575 1600
3574 1200
3573 2000
3572 1400
3571 1600
3570 1800
3569 1000
3568 1200
3567 1400
3566 1400
3565 1100
3564 1100
3563 1500
3562 1300
3561 1000
3560 1600
3559 1900
3558 1300
3557 1500
3556 1700
3555 1800
3554 3100
3553 2000
3552 2000
3551 2000
3550 2500
3549 1200
3548 1500
3547 1800
3546 1700
3545 2100
3544 1600
3543 1100
3542 1100
3541 1400
3540 1300
3539 1500
3538 1400
3537 1200
3536 2000
3535 5900
3534 2200
3533 1600
3532 1900
3531 1600
3530 1900
3529 1700
3528 1700
3527 1200
3526 1800
3525 1100
3524 1100
3523 1700
3522 1600
3521 2200
3520 2600
3519 1800
3518 2100
3517 2200
3516 1800
3515 1500
3514 1500
3513 1700
3512 1400
3511 1700
3510 2200
3509 2200
3508 2000
3507 1800
3506 2300
3505 1300
3504 1800
3503 2200
3502 1300
3501 6500
3500 2500
3499 2200
3498 1900
3497 2100
3496 1000
3495 1600
3494 1300
3493 1100
3492 1800
3491 1900
3490 1400
3489 1900
3488 1200
3487 1200
3486 1700
3485 1600
3484 1800
3483 1600
3482 1300
3481 1500
3480 1800
3479 1700
3478 1400
3477 1200
3476 1700
3475 1600
3474 1300
3473 2000
3472 1900
3471 1400
3470 1200
3469 1500
3468 1400
3467 1400
3466 1300
3465 1700
3464 1500
3463 1800
3462 1500
3461 2300
3460 2600
3459 2800
3458 2300
3457 2100
3456 2000
3455 1600
3454 1600
3453 1200
3452 1700
3451 1400
3450 1000
3449 1500
3448 1500
3447 1800
3446 2900
3445 2700
3444 1500
3443 1900
3442 2300
3441 1800
3440 1600
3439 1900
3438 1700
3437 1900
3436 1500
3435 1300
3434 1600
3433 1600
3432 1800
3431 1500
3430 3700
3429 1800
3428 1400
3427 1700
3426 2100
3425 1300
3424 1500
3423 1500
3422 1800
3421 1600
3420 1000
3419 1800
3418 1700
3417 2500
3416 1800
3415 1700
3414 1500
3413 2000
3412 2400
3411 7300
3410 2400
3409 1500
3408 1900
3407 1800
3406 2000
3405 1900
3404 1300
3403 1500
3402 1800
3401 1600
3400 1700
3399 1500
3398 1400
3397 1600
3396 1600
3395 1600
3394 2600
3393 4100
3392 2200
3391 1700
3390 2000
3389 1600
3388 1600
3387 1500
3386 1700
3385 1400
3384 1300
3383 2000
3382 1900
3381 1900
3380 1900
3379 1700
3378 2600
3377 2000
3376 3600
3375 3200
3374 1700
3373 1600
3372 1900
3371 1500
3370 1000
3369 1800
3368 2200
3367 1900
3366 1300
3365 2100
3364 2100
3363 2400
3362 1900
3361 1700
3360 1600
3359 1600
3358 2000
3357 1300
3356 1500
3355 1500
3354 1600
3353 1500
3352 1000
3351 1400
3350 1500
3349 1800
3348 1500
3347 1800
3346 1500
3345 1700
3344 1300
3343 2300
3342 12800
3341 2300
3340 2200
3339 1700
3338 1500
3337 1600
3336 1300
3335 1600
3334 1300
3333 1400
3332 1500
3331 1100
3330 2100
3329 1800
3328 1900
3327 2200
3326 2200
3325 2200
3324 4200
3323 1700
3322 1800
3321 1500
3320 1500
3319 1500
3318 1300
3317 1400
3316 1700
3315 1300
3314 1600
3313 1500
3312 1600
3311 1600
3310 1200
3309 1800
3308 1600
3307 1600
3306 1000
3305 1700
3304 1400
3303 1600
3302 1200
3301 1400
3300 3000
3299 1700
3298 2100
3297 2900
3296 1300
3295 1500
3294 1400
3293 1300
3292 2000
3291 1300
3290 1900
3289 5700
3288 2500
3287 1800
3286 1900
3285 1900
3284 1700
3283 1600
3282 1600
3281 1600
3280 1100
3279 1400
3278 1100
3277 1500
3276 1600
3275 1200
3274 900
3273 1900
3272 3800
3271 1500
3270 1500
3269 1500
3268 900
3267 1600
3266 1400
3265 1400
3264 1500
3263 1600
3262 1400
3261 1500
3260 1500
3259 1400
3258 1400
3257 1600
3256 1700
3255 1300
3254 1800
3253 1800
3252 2100
3251 2100
3250 1400
3249 1900
3248 1800
3247 1900
3246 1700
3245 2100
3244 1900
3243 2100
3242 900
3241 1000
3240 2000
3239 3300
3238 2400
3237 2700
3236 1900
3235 2600
3234 1700
3233 1800
3232 1700
3231 1900
3230 1300
3229 1500
3228 1400
3227 1200
3226 1500
3225 1400
3224 1200
3223 1100
3222 1800
3221 1800
3220 2100
3219 4300
3218 1900
3217 1600
3216 1800
3215 1400
3214 1600
3213 1500
3212 1500
3211 1400
3210 1300
3209 2400
3208 2300
3207 2200
3206 1400
3205 1000
3204 1600
3203 1400
3202 1900
3201 4700
3200 2300
3199 1300
3198 1600
3197 1100
3196 1600
3195 1600
3194 1500
3193 1000
3192 2000
3191 1900
3190 1700
3189 1500
3188 1200
3187 1600
3186 1300
3185 1800
3184 1800
3183 1200
3182 2100
3181 1700
3180 2200
3179 2200
3178 3400
3177 2200
3176 1700
3175 1600
3174 2000
3173 1500
3172 1600
3171 1600
3170 1400
3169 1200
3168 1300
3167 3100
3166 2300
3165 2500
3164 4300
3163 2400
3162 1600
3161 1900
3160 1700
3159 1800
3158 1800
3157 1600
3156 1600
3155 1000
3154 1500
3153 1500
3152 2300
3151 7600
3150 2300
3149 1500
3148 1400
3147 1500
3146 1500
3145 1600
3144 1700
3143 1600
3142 1800
3141 2000
3140 1400
3139 2100
3138 1300
3137 2000
3136 3700
3135 7500
3134 2800
3133 1800
3132 1500
3131 2300
3130 1100
3129 1700
3128 1700
3127 1600
3126 1400
3125 1600
3124 1100
3123 1300
3122 1700
3121 1800
3120 2000
3119 2300
3118 1500
3117 1500
3116 1500
3115 1300
3114 1400
3113 1500
3112 1800
3111 2000
3110 1600
3109 1300
3108 1900
3107 1700
3106 1600
3105 1700
3104 1800
3103 1500
3102 1900
3101 2100
3100 1500
3099 1600
3098 1800
3097 2200
3096 1800
3095 1600
3094 1600
3093 1200
3092 1500
3091 1500
3090 1500
3089 1200
3088 1500
3087 700
3086 1400
3085 1600
3084 1800
3083 4400
3082 1400
3081 1600
3080 1300
3079 1500
3078 1800
3077 1400
3076 1300
3075 1300
3074 1300
3073 1600
3072 1500
3071 1600
3070 1600
3069 2300
3068 1500
3067 1100
3066 1800
3065 1800
3064 1700
3063 1200
3062 1100
3061 1500
3060 1600
3059 1400
3058 1400
3057 1400
3056 1500
3055 1700
3054 1800
3053 1800
3052 1900
3051 2100
3050 1700
3049 5000
3048 10700
3047 1700
3046 1300
3045 1300
3044 1300
3043 1200
3042 1100
3041 1500
3040 1700
3039 1200
3038 1500
3037 1600
3036 1600
3035 1600
3034 1600
3033 1500
3032 900
3031 2600
3030 1600
3029 1700
3028 1400
3027 2100
3026 2400
3025 2200
3024 1700
3023 1600
3022 1300
3021 1600
3020 1200
3019 1300
3018 1200
3017 1600
3016 1500
3015 1200
3014 2200
3013 1300
3012 1800
3011 1600
3010 1700
3009 1300
3008 1600
3007 1600
3006 1400
3005 1400
3004 1200
3003 1700
3002 1500
3001 2000
3000 1900
2999 1700
2998 1200
2997 1500
2996 800
2995 1700
2994 1500
2993 8300
2992 1900
2991 1300
2990 1500
2989 1500
2988 1300
2987 1200
2986 1500
2985 1200
2984 1800
2983 1100
2982 2000
2981 1700
2980 1500
2979 1500
2978 1200
2977 2000
2976 1600
2975 1800
2974 1300
2973 700
2972 1100
2971 1400
2970 2100
2969 2900
2968 1900
2967 2300
2966 1900
2965 1700
2964 1200
2963 1200
2962 1500
2961 1400
2960 1600
2959 2400
2958 3900
2957 1700
2956 1200
2955 1500
2954 1800
2953 1700
2952 2700
2951 1900
2950 1200
2949 1800
2948 1900
2947 1400
2946 1100
2945 1000
2944 1300
2943 1600
2942 2000
2941 1500
2940 7000
2939 1700
2938 1300
2937 1600
2936 1800
2935 1700
2934 1500
2933 1200
2932 1400
2931 1200
2930 1200
2929 1400
2928 1500
2927 1900
2926 1600
2925 2600
2924 2300
2923 3900
2922 1800
2921 2200
2920 1300
2919 1300
2918 2800
2917 1500
2916 1400
2915 1300
2914 1600
2913 1500
2912 1300
2911 1700
2910 1800
2909 1600
2908 1100
2907 1800
2906 1400
2905 1500
2904 1700
2903 1600
2902 1700
2901 1900
2900 1600
2899 1400
2898 1900
2897 1500
2896 1500
2895 1700
2894 1900
2893 1200
2892 1700
2891 1400
2890 1900
2889 3400
2888 1400
2887 2300
2886 2100
2885 3400
2884 1400
2883 1700
2882 1700
2881 1700
2880 1600
2879 1900
2878 1600
2877 1500
2876 1400
2875 1500
2874 1200
2873 1700
2872 2000
2871 6200
2870 1200
2869 1500
2868 1800
2867 1600
2866 1600
2865 1600
2864 1600
2863 1500
2862 1500
2861 1600
2860 1500
2859 1500
2858 1300
2857 2400
2856 4800
2855 1400
2854 1500
2853 1800
2852 1200
2851 1600
2850 1700
2849 1300
2848 1300
2847 1500
2846 2000
2845 2000
2844 2000
2843 3300
2842 2100
2841 3900
2840 6100
2839 2600
2838 2300
2837 1600
2836 2200
2835 1600
2834 2200
2833 1600
2832 1800
2831 2400
2830 1300
2829 1000
2828 1200
2827 2100
2826 2700
2825 2000
2824 1300
2823 1200
2822 1300
2821 1400
2820 1600
2819 1700
2818 1400
2817 1300
2816 1400
2815 1500
2814 1600
2813 1500
2812 1200
2811 1600
2810 2200
2809 4800
2808 2100
2807 2500
2806 1900
2805 1800
2804 1500
2803 1400
2802 1600
2801 2100
2800 2000
2799 1800
2798 1500
2797 1900
2796 1500
2795 1700
2794 1600
2793 2300
2792 5300
2791 2200
2790 1500
2789 1500
2788 800
2787 1800
2786 1900
2785 1300
2784 1900
2783 1500
2782 1400
2781 1400
2780 1300
2779 1300
2778 2100
2777 1500
2776 1700
2775 2000
2774 1600
2773 1200
2772 1500
2771 1600
2770 1500
2769 1700
2768 1100
2767 1500
2766 1400
2765 1900
2764 2400
2763 1400
2762 1500
2761 2000
2760 2000
2759 1600
2758 1700
2757 1700
2756 1600
2755 1700
2754 1500
2753 1200
2752 1500
2751 2200
2750 2900
2749 2300
2748 2200
2747 2300
2746 1800
2745 1800
2744 2200
2743 3100
2742 7400
2741 1500
2740 1700
2739 1400
2738 1600
2737 1500
2736 1500
2735 1300
2734 2900
2733 4600
2732 3100
2731 1600
2730 1700
2729 2400
2728 1500
2727 1800
2726 1500
2725 1500
2724 1500
2723 3400
2722 1400
2721 2300
2720 1700
2719 1300
2718 1700
2717 1500
2716 1200
2715 1500
2714 1600
2713 2700
2712 1800
2711 2600
2710 1600
2709 3100
2708 1900
2707 1700
2706 1500
2705 1500
2704 1000
2703 1600
2702 1700
2701 1800
2700 900
2699 1600
2698 1400
2697 1300
2696 1700
2695 1700
2694 1800
2693 1300
2692 1300
2691 1300
2690 1600
2689 1000
2688 1700
2687 1300
2686 1000
2685 1600
2684 1400
2683 1600
2682 1500
2681 1600
2680 1500
2679 900
2678 1900
2677 1500
2676 1000
2675 1500
2674 1700
2673 1400
2672 2700
2671 2100
2670 4600
2669 2000
2668 1800
2667 1700
2666 1500
2665 1500
2664 1500
2663 1500
2662 1500
2661 4100
2660 1800
2659 4700
2658 2200
2657 1000
2656 1900
2655 1700
2654 1700
2653 2000
2652 1400
2651 1700
2650 2000
2649 1700
2648 1700
2647 2100
2646 1200
2645 1700
2644 2000
2643 2100
2642 2100
2641 1900
2640 1000
2639 1500
2638 1300
2637 1000
2636 1600
2635 1500
2634 1700
2633 1300
2632 1200
2631 2000
2630 1500
2629 1300
2628 5000
2627 2500
2626 8800
2625 2100
2624 1700
2623 1600
2622 2000
2621 1400
2620 1600
2619 1100
2618 1400
2617 1400
2616 1500
2615 1400
2614 1300
2613 1500
2612 1600
2611 1500
2610 2000
2609 2400
2608 1000
2607 1400
2606 1800
2605 1800
2604 1100
2603 900
2602 1300
2601 1700
2600 1900
2599 1700
2598 1400
2597 1700
2596 1600
2595 1600
2594 2100
2593 4100
2592 2600
2591 1600
2590 1700
2589 1300
2588 1200
2587 1500
2586 1400
2585 1300
2584 1200
2583 1200
2582 1400
2581 1100
2580 1500
2579 1500
2578 1500
2577 1800
2576 3000
2575 1300
2574 1500
2573 1400
2572 1500
2571 900
2570 1600
2569 1700
2568 1600
2567 2100
2566 1300
2565 1700
2564 1400
2563 1500
2562 1400
2561 2500
2560 3200
2559 3800
2558 2800
2557 2400
2556 1600
2555 6200
2554 1500
2553 1600
2552 1600
2551 1500
2550 1300
2549 1500
2548 1500
2547 1700
2546 1400
2545 2000
2544 1600
2543 1600
2542 1800
2541 1700
2540 6500
2539 2000
2538 1600
2537 1800
2536 1100
2535 1200
2534 1300
2533 1600
2532 1400
2531 3600
2530 1800
2529 2000
2528 1500
2527 1400
2526 1500
2525 2100
2524 1900
2523 2100
2522 1700
2521 1600
2520 1800
2519 1700
2518 3300
2517 2600
2516 1900
2515 2200
2514 2700
2513 2000
2512 1300
2511 1100
2510 2100
2509 3000
2508 3500
2507 1800
2506 1200
2505 1500
2504 1400
2503 1700
2502 1200
2501 1400
2500 1600
2499 1400
2498 1500
2497 1400
2496 1800
2495 1400
2494 1800
2493 1500
2492 1500
2491 1700
2490 1600
2489 1200
2488 1700
2487 1600
2486 1500
2485 1600
2484 1200
2483 1600
2482 1300
2481 1000
2480 900
2479 1900
2478 1400
2477 1100
2476 1600
2475 1700
2474 1700
2473 1400
2472 1700
2471 1300
2470 1300
2469 2100
2468 1800
2467 2400
2466 2400
2465 1800
2464 1900
2463 1100
2462 1600
2461 1300
2460 1300
2459 1900
2458 1500
2457 1300
2456 2100
2455 5900
2454 3800
2453 1500
2452 1200
2451 1800
2450 1700
2449 1800
2448 1100
2447 1700
2446 1700
2445 1600
2444 1700
2443 2000
2442 1500
2441 1600
2440 1200
2439 1400
2438 2100
2437 1600
2436 1800
2435 1500
2434 1600
2433 1700
2432 1300
2431 2400
2430 1400
2429 1400
2428 800
2427 1500
2426 1300
2425 1700
2424 2000
2423 2200
2422 1600
2421 2100
2420 1800
2419 3300
2418 1700
2417 1600
2416 1300
2415 1900
2414 1500
2413 900
2412 1700
2411 1600
2410 1700
2409 1400
2408 1200
2407 1200
2406 800
2405 1200
2404 1400
2403 1500
2402 1000
2401 1500
2400 1600
2399 2600
2398 2100
2397 1600
2396 1600
2395 1300
2394 900
2393 1100
2392 1400
2391 1100
2390 1700
2389 1300
2388 1200
2387 1700
2386 1600
2385 1700
2384 1600
2383 2300
2382 1400
2381 1900
2380 2600
2379 2400
2378 1700
2377 1500
2376 1600
2375 1600
2374 1400
2373 1600
2372 1400
2371 1600
2370 1400
2369 1700
2368 1400
2367 1800
2366 1200
2365 4200
2364 1600
2363 1600
2362 1300
2361 1300
2360 1800
2359 1200
2358 1600
2357 1400
2356 1500
2355 1500
2354 1400
2353 1800
2352 1300
2351 1400
2350 2000
2349 2300
2348 2300
2347 1200
2346 1600
2345 1700
2344 1200
2343 1600
2342 1700
2341 1400
2340 2100
2339 1700
2338 2000
2337 1600
2336 1300
2335 1800
2334 1200
2333 1400
2332 3400
2331 3100
2330 4000
2329 2000
2328 1700
2327 2100
2326 1800
2325 1800
2324 1600
2323 1700
2322 1400
2321 1200
2320 1300
2319 1600
2318 1900
2317 2000
2316 800
2315 1100
2314 1800
2313 1500
2312 1900
2311 2500
2310 2000
2309 1600
2308 1100
2307 1700
2306 1400
2305 1300
2304 1400
2303 1600
2302 1600
2301 1500
2300 2900
2299 2200
2298 4200
2297 1800
2296 1700
2295 1800
2294 1700
2293 1300
2292 1300
2291 1500
2290 1600
2289 1600
2288 1300
2287 1900
2286 1500
2285 1400
2284 900
2283 1700
2282 2000
2281 1700
2280 1700
2279 1800
2278 1600
2277 1600
2276 1300
2275 1100
2274 1500
2273 1500
2272 900
2271 3900
2270 2400
2269 1600
2268 2100
2267 2500
2266 2300
2265 7200
2264 1900
2263 1800
2262 1100
2261 1500
2260 1600
2259 1500
2258 1500
2257 1600
2256 1200
2255 1000
2254 1700
2253 1300
2252 1500
2251 700
2250 1700
2249 1800
2248 1900
2247 1100
2246 1600
2245 1300
2244 1400
2243 1600
2242 1500
2241 1300
2240 1500
2239 1800
2238 1900
2237 1500
2236 1600
2235 1600
2234 1600
2233 1300
2232 1600
2231 2400
2230 1000
2229 1700
2228 1600
2227 1500
2226 2000
2225 2100
2224 1500
2223 1700
2222 1500
2221 1500
2220 1200
2219 1900
2218 2000
2217 2000
2216 1400
2215 1500
2214 2600
2213 2100
2212 6000
2211 2100
2210 1900
2209 1400
2208 1400
2207 1400
2206 1500
2205 1700
2204 1200
2203 1400
2202 1500
2201 1800
2200 1600
2199 1300
2198 1300
2197 1600
2196 1500
2195 1600
2194 1500
2193 1700
2192 1100
2191 1400
2190 2100
2189 1900
2188 1400
2187 1600
2186 1300
2185 2000
2184 1600
2183 1500
2182 1500
2181 1500
2180 1200
2179 1400
2178 1400
2177 2600
2176 1900
2175 2100
2174 1900
2173 2000
2172 1700
2171 1500
2170 1500
2169 1400
2168 1500
2167 2500
2166 1800
2165 1800
2164 1700
2163 2500
2162 2200
2161 5100
2160 1200
2159 1500
2158 1100
2157 1200
2156 1900
2155 1700
2154 1700
2153 1200
2152 1600
2151 1500
2150 1600
2149 1500
2148 2600
2147 2100
2146 1400
2145 1300
2144 1600
2143 1600
2142 1500
2141 1000
2140 1700
2139 1600
2138 1300
2137 1400
2136 1400
2135 1400
2134 1100
2133 1400
2132 1200
2131 1500
2130 1400
2129 1300
2128 1400
2127 2200
2126 8600
2125 3200
2124 1700
2123 2000
2122 1900
2121 1300
2120 1600
2119 1600
2118 1300
2117 1200
2116 900
2115 1700
2114 1100
2113 1300
2112 1500
2111 2400
2110 1500
2109 1400
2108 1800
2107 2700
2106 1700
2105 1500
2104 1900
2103 1600
2102 1000
2101 1600
2100 1500
2099 1500
2098 1400
2097 1500
2096 1300
2095 3500
2094 6400
2093 2400
2092 1500
2091 1400
2090 1600
2089 1300
2088 1400
2087 1500
2086 1300
2085 1200
2084 1300
2083 1700
2082 1800
2081 1600
2080 1400
2079 1300
2078 1800
2077 1400
2076 1300
2075 900
2074 1400
2073 1400
2072 1500
2071 1500
2070 1600
2069 1400
2068 1500
2067 1600
2066 3100
2065 2100
2064 2000
2063 2000
2062 1800
2061 1400
2060 2200
2059 6600
2058 2200
2057 1700
2056 1400
2055 1800
2054 2000
2053 2400
2052 1300
2051 1400
2050 1600
2049 2400
2048 1400
2047 2000
2046 1900
2045 1800
2044 1800
2043 1600
2042 1000
2041 1600
2040 2000
2039 1300
2038 1300
2037 1000
2036 1300
2035 1400
2034 1400
2033 1700
2032 1300
2031 1500
2030 1600
2029 1600
2028 1600
2027 1200
2026 1700
2025 3700
2024 1800
2023 1500
2022 800
2021 1400
2020 1500
2019 1700
2018 1300
2017 1300
2016 1500
2015 3000
2014 1900
2013 1500
2012 1900
2011 1500
2010 1500
2009 1200
2008 1500
2007 1900
2006 2300
2005 2200
2004 1400
2003 1300
2002 1900
2001 1700
2000 1400
1999 1600
1998 1200
1997 1500
1996 1600
1995 1700
1994 900
1993 1400
1992 1600
1991 1700
1990 1300
1989 2400
1988 1800
1987 1300
1986 1200
1985 2300
1984 1200
1983 1200
1982 1600
1981 1300
1980 1400
1979 1300
1978 1500
1977 1600
1976 1600
1975 1500
1974 1600
1973 1200
1972 1900
1971 2000
1970 3200
1969 1600
1968 1900
1967 1500
1966 1300
1965 1900
1964 2100
1963 1700
1962 1400
1961 1400
1960 2300
1959 1500
1958 1200
1957 1000
1956 1400
1955 1300
1954 1400
1953 3900
1952 1800
1951 1400
1950 1300
1949 1300
1948 1500
1947 1100
1946 1500
1945 1600
1944 1400
1943 800
1942 1500
1941 1400
1940 1500
1939 1300
1938 1500
1937 1400
1936 1700
1935 2500
1934 1500
1933 1600
1932 1500
1931 1900
1930 1600
1929 1800
1928 1800
1927 1500
1926 1800
1925 1300
1924 1400
1923 1500
1922 1200
1921 800
1920 1300
1919 2000
1918 2100
1917 7900
1916 1700
1915 1700
1914 1200
1913 1700
1912 1900
1911 1900
1910 1600
1909 1600
1908 1700
1907 1400
1906 1600
1905 1300
1904 1500
1903 2100
1902 1900
1901 1800
1900 1100
1899 1200
1898 1700
1897 1900
1896 1600
1895 2200
1894 2600
1893 1300
1892 1700
1891 1600
1890 1500
1889 2000
1888 1500
1887 1800
1886 1500
1885 5100
1884 2100
1883 1800
1882 1400
1881 1300
1880 600
1879 1600
1878 1400
1877 1100
1876 1600
1875 1400
1874 1200
1873 1700
1872 1100
1871 1600
1870 1100
1869 1900
1868 1700
1867 1300
1866 1600
1865 1700
1864 1200
1863 2100
1862 1100
1861 1400
1860 1300
1859 1200
1858 1200
1857 1300
1856 1100
1855 2300
1854 3800
1853 2200
1852 1700
1851 1800
1850 4600
1849 7300
1848 1500
1847 1500
1846 1700
1845 1600
1844 1100
1843 1600
1842 1500
1841 1200
1840 1300
1839 1200
1838 1200
1837 1800
1836 1500
1835 1800
1834 1400
1833 1900
1832 8800
1831 2000
1830 1700
1829 2100
1828 1300
1827 1700
1826 1500
1825 1800
1824 1700
1823 1900
1822 1300
1821 1500
1820 1200
1819 1200
1818 1300
1817 1300
1816 1400
1815 2000
1814 1600
1813 2300
1812 2400
1811 2100
1810 2400
1809 2200
1808 1800
1807 1800
1806 1300
1805 1300
1804 2100
1803 1800
1802 1400
1801 1500
1800 1600
1799 1100
1798 1800
1797 1000
1796 2100
1795 7600
1794 2100
1793 1500
1792 1600
1791 1000
1790 1600
1789 1200
1788 1400
1787 1600
1786 1400
1785 2300
1784 1800
1783 1800
1782 800
1781 600
1780 1400
1779 1700
1778 1600
1777 1600
1776 1600
1775 1600
1774 1400
1773 1400
1772 1400
1771 1700
1770 1500
1769 1300
1768 1400
1767 1400
1766 1300
1765 1300
1764 1100
1763 1500
1762 1300
1761 1400
1760 1000
1759 3300
1758 4200
1757 1500
1756 2600
1755 1700
1754 1900
1753 1400
1752 1600
1751 1600
1750 1500
1749 1800
1748 1100
1747 1300
1746 1400
1745 1300
1744 1200
1743 1300
1742 1400
1741 1600
1740 1400
1739 1600
1738 7100
1737 1400
1736 1200
1735 1600
1734 1600
1733 1000
1732 3800
1731 1400
1730 1500
1729 1100
1728 2200
1727 1600
1726 1500
1725 1700
1724 1300
1723 1500
1722 1600
1721 1400
1720 1700
1719 1600
1718 1400
1717 1300
1716 900
1715 1200
1714 1900
1713 2300
1712 1900
1711 1700
1710 1600
1709 1200
1708 1400
1707 1400
1706 1300
1705 2200
1704 3100
1703 2100
1702 1400
1701 1400
1700 1200
1699 2100
1698 1300
1697 1500
1696 1500
1695 1900
1694 2100
1693 1600
1692 2800
1691 1600
1690 1800
1689 1500
1688 2400
1687 3200
1686 2400
1685 2000
1684 3200
1683 1800
1682 1400
1681 1700
1680 1600
1679 1700
1678 2800
1677 1600
1676 1700
1675 1800
1674 1900
1673 1700
1672 7500
1671 1900
1670 1900
1669 600
1668 1200
1667 1400
1666 1500
1665 1500
1664 1400
1663 1500
1662 1400
1661 1800
1660 1300
1659 1600
1658 1500
1657 1400
1656 1600
1655 3000
1654 2200
1653 1400
1652 1400
1651 1600
1650 1500
1649 1300
1648 1500
1647 700
1646 1400
1645 1900
1644 1400
1643 1700
1642 3100
1641 1700
1640 1900
1639 1500
1638 1500
1637 1900
1636 3700
1635 2000
1634 1800
1633 1300
1632 1500
1631 1500
1630 1300
1629 1100
1628 800
1627 1500
1626 1200
1625 1800
1624 1200
1623 900
1622 700
1621 1300
1620 1400
1619 1900
1618 1800
1617 600
1616 1900
1615 1000
1614 900
1613 1200
1612 1200
1611 1600
1610 1700
1609 1600
1608 1200
1607 1500
1606 1300
1605 1500
1604 1600
1603 1900
1602 2000
1601 1900
1600 1600
1599 1100
1598 1400
1597 1400
1596 2300
1595 1800
1594 1400
1593 1900
1592 1300
1591 1300
1590 1400
1589 1400
1588 1300
1587 1200
1586 800
1585 1800
1584 1400
1583 3900
1582 2300
1581 1500
1580 1500
1579 1500
1578 1400
1577 1700
1576 1700
1575 1200
1574 1300
1573 1500
1572 1200
1571 1300
1570 1400
1569 1700
1568 1500
1567 1200
1566 2700
1565 1700
1564 1300
1563 2100
1562 1600
1561 1800
1560 1300
1559 1300
1558 1000
1557 1300
1556 1000
1555 1200
1554 1700
1553 1100
1552 900
1551 1500
1550 1400
1549 1600
1548 1400
1547 1700
1546 5600
1545 1600
1544 1800
1543 1800
1542 1500
1541 1300
1540 1500
1539 900
1538 1500
1537 1200
1536 1100
1535 1100
1534 1400
1533 1100
1532 1200
1531 1100
1530 1700
1529 500
1528 1400
1527 3900
1526 1300
1525 1600
1524 1500
1523 1400
1522 1500
1521 1800
1520 1500
1519 1000
1518 1500
1517 1500
1516 1600
1515 1300
1514 1500
1513 1000
1512 2200
1511 1900
1510 1000
1509 1600
1508 1600
1507 1200
1506 1700
1505 1600
1504 1400
1503 1800
1502 1800
1501 1500
1500 1200
1499 3200
1498 1500
1497 1400
1496 1300
1495 1500
1494 3000
1493 2500
1492 2000
1491 1500
1490 1500
1489 1400
1488 1500
1487 1600
1486 1300
1485 1600
1484 1500
1483 1200
1482 1400
1481 1600
1480 1300
1479 1400
1478 1100
1477 1800
1476 2200
1475 1500
1474 1500
1473 1500
1472 1500
1471 1000
1470 1500
1469 1600
1468 1500
1467 1500
1466 1600
1465 1600
1464 2000
1463 1900
1462 1300
1461 2400
1460 1700
1459 2500
1458 1700
1457 1600
1456 1800
1455 1300
1454 1600
1453 1700
1452 1300
1451 1600
1450 1500
1449 1700
1448 1300
1447 1000
1446 1600
1445 3700
1444 1900
1443 1600
1442 1400
1441 1900
1440 6200
1439 1500
1438 1500
1437 1800
1436 1200
1435 1300
1434 1700
1433 1400
1432 2900
1431 2000
1430 1500
1429 2200
1428 1200
1427 2200
1426 2100
1425 4100
1424 2000
1423 1800
1422 1000
1421 1300
1420 1500
1419 1400
1418 1000
1417 1400
1416 1700
1415 1600
1414 1500
1413 1800
1412 1300
1411 1200
1410 1800
1409 2300
1408 1600
1407 1800
1406 1500
1405 1400
1404 1500
1403 1500
1402 1500
1401 1400
1400 1400
1399 900
1398 1300
1397 1200
1396 1000
1395 1000
1394 1600
1393 1100
1392 1600
1391 1300
1390 1700
1389 2100
1388 1600
1387 1700
1386 1700
1385 2000
1384 1500
1383 1400
1382 1100
1381 1900
1380 1700
1379 1400
1378 1400
1377 1700
1376 1700
1375 1200
1374 1500
1373 1100
1372 1500
1371 7000
1370 6600
1369 1300
1368 1500
1367 1500
1366 1000
1365 1000
1364 1800
1363 1500
1362 2200
1361 500
1360 1500
1359 1900
1358 1400
1357 1200
1356 1300
1355 1200
1354 1800
1353 1700
1352 1300
1351 1600
1350 1600
1349 1700
1348 1600
1347 1900
1346 1900
1345 2100
1344 2600
1343 2300
1342 1400
1341 1700
1340 1800
1339 1300
1338 1500
1337 1400
1336 1600
1335 7000
1334 1900
1333 1400
1332 1500
1331 1300
1330 1600
1329 1400
1328 1800
1327 1300
1326 1600
1325 1400
1324 1400
1323 1300
1322 1600
1321 1300
1320 1300
1319 2000
1318 1600
1317 1700
1316 1400
1315 1500
1314 1400
1313 1800
1312 1400
1311 1500
1310 1100
1309 1800
1308 1500
1307 1200
1306 1400
1305 1300
1304 1300
1303 900
1302 1200
1301 1300
1300 1400
1299 1600
1298 1500
1297 1600
1296 1400
1295 1100
1294 1300
1293 3900
1292 1700
1291 3200
1290 1900
1289 1400
1288 1800
1287 1500
1286 1100
1285 1800
1284 1300
1283 1500
1282 2100
1281 2800
1280 2200
1279 1600
1278 1800
1277 1800
1276 2000
1275 1500
1274 1200
1273 1400
1272 1100
1271 1500
1270 1400
1269 1500
1268 1600
1267 1400
1266 1700
1265 1800
1264 1800
1263 1500
1262 1500
1261 1100
1260 1300
1259 1300
1258 1600
1257 1000
1256 800
1255 1400
1254 1300
1253 1500
1252 1900
1251 2800
1250 1800
1249 3500
1248 8900
1247 1900
1246 1300
1245 800
1244 1600
1243 1400
1242 1500
1241 1400
1240 1400
1239 1200
1238 1500
1237 1400
1236 1200
1235 1300
1234 1900
1233 1700
1232 1800
1231 3300
1230 1900
1229 2200
1228 1800
1227 2400
1226 1600
1225 2000
1224 1600
1223 2100
1222 2600
1221 3300
1220 2200
1219 5100
1218 1900
1217 1700
1216 1300
1215 1500
1214 1500
1213 1400
1212 1500
1211 1700
1210 1000
1209 2300
1208 1600
1207 1900
1206 2200
1205 1600
1204 1600
1203 1500
1202 1600
1201 1400
1200 1700
1199 1200
1198 1600
1197 1300
1196 1100
1195 1700
1194 1200
1193 1300
1192 1200
1191 1600
1190 4000
1189 2700
1188 2000
1187 1500
1186 2100
1185 1400
1184 1200
1183 1500
1182 1500
1181 1500
1180 1500
1179 1400
1178 1500
1177 1400
1176 1400
1175 1900
1174 1700
1173 6000
1172 2200
1171 1300
1170 1200
1169 1200
1168 1200
1167 1500
1166 1300
1165 1300
1164 1700
1163 1400
1162 1600
1161 1300
1160 1300
1159 1400
1158 1700
1157 3500
1156 1200
1155 1800
1154 1000
1153 1700
1152 1500
1151 1800
1150 1500
1149 1400
1148 1300
1147 1500
1146 1500
1145 1100
1144 1300
1143 1500
1142 1000
1141 1700
1140 1600
1139 4200
1138 1300
1137 1400
1136 1400
1135 1300
1134 1600
1133 1500
1132 1300
1131 1400
1130 1500
1129 1000
1128 1400
1127 1100
1126 1400
1125 1400
1124 1800
1123 1300
1122 1600
1121 1900
1120 1700
1119 800
1118 1300
1117 1300
1116 1500
1115 1800
1114 1400
1113 1300
1112 1600
1111 1400
1110 1100
1109 1400
1108 1200
1107 1200
1106 1400
1105 1500
1104 1400
1103 1200
1102 1200
1101 1500
1100 1600
1099 1800
1098 1800
1097 1400
1096 1000
1095 1400
1094 1700
1093 1400
1092 1300
1091 1100
1090 1400
1089 1400
1088 1200
1087 2000
1086 5100
1085 1700
1084 1300
1083 2400
1082 2400
1081 1200
1080 1400
1079 1300
1078 2300
1077 1600
1076 1400
1075 1400
1074 1500
1073 1000
1072 1700
1071 1500
1070 1600
1069 1400
1068 1200
1067 1000
1066 1300
1065 1100
1064 1400
1063 1500
1062 2000
1061 2000
1060 2200
1059 1400
1058 1500
1057 2300
1056 1600
1055 2300
1054 5700
1053 2000
1052 1400
1051 1500
1050 1500
1049 1300
1048 1600
1047 1500
1046 1300
1045 1200
1044 1100
1043 1400
1042 1600
1041 1500
1040 2000
1039 5500
1038 1700
1037 1700
1036 2500
1035 1700
1034 1300
1033 1600
1032 1300
1031 1900
1030 1300
1029 1700
1028 1500
1027 1600
1026 800
1025 1700
1024 1300
1023 2200
1022 3500
1021 1900
1020 1900
1019 2500
1018 2200
1017 1400
1016 1600
1015 1400
1014 2100
1013 1600
1012 1600
1011 1200
1010 1600
1009 1600
1008 1800
1007 4300
1006 1800
1005 1300
1004 1400
1003 1400
1002 1800
1001 1300
1000 1400
999 1200
998 1300
997 1200
996 1200
995 1500
994 1200
993 1000
992 1500
991 1600
990 4800
989 1100
988 1900
987 1100
986 1500
985 1300
984 1300
983 1400
982 1000
981 1200
980 1400
979 1500
978 1200
977 1300
976 1300
975 1500
974 1100
973 2400
972 1800
971 2400
970 1900
969 1900
968 1600
967 1400
966 1500
965 1200
964 1500
963 1600
962 1300
961 1200
960 1000
959 1800
958 1400
957 1600
956 1800
955 1600
954 6700
953 1100
952 1200
951 1400
950 1400
949 1200
948 1100
947 800
946 1300
945 1000
944 1000
943 1300
942 1700
941 1000
940 1300
939 1000
938 1700
937 1400
936 1700
935 1400
934 800
933 1600
932 1300
931 2500
930 1400
929 2800
928 1600
927 2000
926 1500
925 900
924 1400
923 1400
922 1500
921 1000
920 4600
919 1700
918 1100
917 1300
916 1100
915 1500
914 1700
913 1800
912 1200
911 1300
910 1400
909 1200
908 1100
907 1300
906 1000
905 1200
904 2100
903 1400
902 1900
901 1800
900 1400
899 1500
898 1300
897 1100
896 1500
895 1400
894 1400
893 900
892 1400
891 1800
890 1300
889 1400
888 1200
887 1500
886 2100
885 3600
884 2000
883 1700
882 900
881 1200
880 1200
879 800
878 1200
877 3600
876 1500
875 1300
874 1600
873 1100
872 1300
871 1000
870 1500
869 1600
868 3100
867 1100
866 1300
865 2100
864 1400
863 800
862 1600
861 1000
860 2400
859 1900
858 2200
857 2100
856 1600
855 1000
854 1200
853 1800
852 6600
851 2400
850 3300
849 2100
848 2200
847 2300
846 2300
845 1200
844 1700
843 1600
842 1700
841 1400
840 1500
839 1600
838 1600
837 1600
836 1500
835 1500
834 1300
833 1600
832 1200
831 1000
830 1000
829 1500
828 1600
827 1200
826 1300
825 1400
824 1300
823 1900
822 1700
821 1800
820 1600
819 1800
818 1600
817 2200
816 1700
815 1600
814 1900
813 2000
812 1300
811 1700
810 1500
809 1000
808 6800
807 1600
806 800
805 1800
804 1400
803 1300
802 1800
801 1800
800 1900
799 1800
798 1400
797 1800
796 1800
795 6200
794 2800
793 1400
792 1500
791 1800
790 2000
789 1600
788 1300
787 2100
786 2300
785 3900
784 1900
783 2400
782 1800
781 2400
780 2300
779 2100
778 3100
777 1400
776 1600
775 1300
774 1700
773 1200
772 1100
771 1500
770 1900
769 3800
768 1600
767 2000
766 1200
765 1200
764 1300
763 1500
762 1500
761 1000
760 1400
759 1100
758 1000
757 1500
756 1500
755 1600
754 2000
753 2100
752 1400
751 1100
750 1300
749 1300
748 1400
747 2400
746 1600
745 1700
744 1800
743 3200
742 1000
741 1200
740 1300
739 1500
738 4300
737 1900
736 1100
735 1800
734 1700
733 1600
732 1100
731 1700
730 1300
729 1300
728 1400
727 1600
726 1800
725 1500
724 2100
723 1200
722 2200
721 1300
720 1200
719 1600
718 1000
717 2000
716 1500
715 1200
714 1300
713 1400
712 1400
711 1400
710 3100
709 1800
708 2400
707 1700
706 5300
705 1500
704 1200
703 1300
702 1500
701 1400
700 1200
699 1700
698 1700
697 1500
696 1100
695 1500
694 1200
693 1000
692 1300
691 1800
690 1500
689 1600
688 1100
687 2700
686 1700
685 2200
684 1600
683 2300
682 2600
681 1700
680 1100
679 1300
678 2100
677 5000
676 1900
675 1700
674 1800
673 1800
672 1800
671 1600
670 1500
669 1000
668 1500
667 1400
666 1000
665 2000
664 2300
663 1600
662 1700
661 2000
660 1600
659 1900
658 1400
657 1700
656 1300
655 900
654 2200
653 1800
652 3400
651 1600
650 1800
649 2100
648 1600
647 1300
646 900
645 2000
644 2200
643 1300
642 1700
641 2300
640 2500
639 1600
638 2000
637 2200
636 3800
635 1500
634 1600
633 1700
632 1800
631 2000
630 1500
629 700
628 2000
627 1500
626 900
625 800
624 1500
623 1400
622 2000
621 1700
620 1400
619 1700
618 1500
617 1800
616 1600
615 1700
614 2300
613 1600
612 1700
611 1700
610 2500
609 2200
608 3400
607 1300
606 1300
605 1600
604 1500
603 1800
602 1600
601 1200
600 2400
599 1600
598 1400
597 1500
596 1300
595 1700
594 1500
593 1400
592 1600
591 2200
590 900
589 2700
588 1900
587 3200
586 3000
585 1800
584 2100
583 2200
582 2300
581 1800
580 1600
579 2000
578 2900
577 2500
576 2700
575 6300
574 1800
573 2700
572 7200
571 1400
570 1400
569 1800
568 1600
567 1100
566 1400
565 1500
564 2300
563 6000
562 2000
561 2100
560 1500
559 2300
558 1100
557 1600
556 1700
555 1900
554 1600
553 2300
552 2000
551 2300
550 2400
549 2700
548 2300
547 2000
546 1800
545 1500
544 1500
543 1300
542 1400
541 1200
540 1500
539 1300
538 2000
537 2000
536 2300
535 1300
534 1400
533 1800
532 3200
531 1400
530 1300
529 1300
528 2000
527 4300
526 2200
525 2700
524 2700
523 2800
522 1700
521 2700
520 1700
519 1900
518 2100
517 2100
516 2100
515 1400
514 1600
513 2100
512 2900
511 1500
510 2000
509 4000
508 2000
507 4900
506 2400
505 1900
504 1600
503 700
502 2800
501 1600
500 1900
499 900
498 900
497 1600
496 2100
495 2400
494 1900
493 2000
492 1700
491 1400
490 2000
489 2000
488 1900
487 2100
486 2800
485 2400
484 3600
483 1600
482 1400
481 3600
480 2600
479 2600
478 2200
477 1900
476 3100
475 6400
474 4800
473 1800
472 3400
471 1300
470 1400
469 1200
468 1300
467 1700
466 900
465 1800
464 2200
463 1800
462 1700
461 12400
460 2200
459 1400
458 1900
457 2200
456 1500
455 1900
454 2000
453 1700
452 2200
451 2400
450 3500
449 2800
448 1400
447 2100
446 2400
445 5000
444 1700
443 1800
442 2700
441 2000
440 2800
439 1900
438 2400
437 2000
436 1400
435 1400
434 3600
433 2800
432 2400
431 2100
430 1900
429 2500
428 1700
427 3900
426 2400
425 1600
424 2000
423 4400
422 5800
421 3500
420 1700
419 3400
418 2200
417 2100
416 2700
415 1600
414 4200
413 4900
412 4900
411 2400
410 3500
409 5000
408 1900
407 4700
406 2000
405 3900
404 2400
403 2400
402 2200
401 3000
400 1800
399 2300
398 2100
397 2100
396 3000
395 2800
394 2200
393 2000
392 2100
391 2800
390 2800
389 2900
388 1500
387 2600
386 2300
385 2800
384 2200
383 2500
382 5900
381 1600
380 2100
379 1900
378 1800
377 1800
376 2800
375 2000
374 2800
373 2400
372 1800
371 2400
370 3300
369 1800
368 2000
367 2200
366 2300
365 2700
364 2400
363 3000
362 3900
361 2300
360 3900
359 2600
358 2200
357 2000
356 1500
355 2300
354 1800
353 1900
352 2100
351 2800
350 2000
349 1400
348 1800
347 2000
346 1700
345 2000
344 1400
343 1800
342 1700
341 2800
340 2800
339 1700
338 1800
337 1600
336 3000
335 1900
334 1800
333 2100
332 1800
331 3700
330 2000
329 1700
328 2200
327 4700
326 1700
325 2300
324 3500
323 1500
322 1600
321 1800
320 1600
319 2400
318 1800
317 3900
316 3800
315 2000
314 3500
313 2400
312 2500
311 2000
310 2500
309 4400
308 2100
307 2300
306 3500
305 2400
304 1900
303 2900
302 1500
301 2700
300 1700
299 2200
298 1900
297 1400
296 2500
295 5100
294 1800
293 2200
292 1400
291 2200
290 2100
289 1900
288 1600
287 1700
286 1600
285 2600
284 1900
283 1800
282 2100
281 2000
280 2800
279 2400
278 2700
277 2700
276 1000
275 2000
274 2000
273 1700
272 1800
271 2900
270 2100
269 2200
268 2400
267 1100
266 2100
265 2300
264 1300
263 2000
262 1500
261 1900
260 11400
259 2300
258 2000
257 3000
256 2000
255 2300
254 2500
253 2300
252 2600
251 2600
250 2200
249 2400
248 3300
247 2900
246 1600
245 2100
244 2700
243 2100
242 2200
241 3400
240 2200
239 2200
238 1800
237 1700
236 1400
235 1700
234 2300
233 1900
232 2500
231 2200
230 2000
229 3100
228 1800
227 3300
226 4300
225 2100
224 2100
223 2200
222 2300
221 2600
220 1900
219 2200
218 5100
217 2900
216 2800
215 2300
214 2800
213 1900
212 2400
211 2600
210 1700
209 3600
208 2000
207 2200
206 1500
205 2500
204 1700
203 1900
202 1800
201 1900
200 2000
199 2600
198 2300
197 4800
196 2400
195 2500
194 3100
193 1900
192 2000
191 1200
190 2500
189 2300
188 3300
187 2000
186 2600
185 2500
184 1400
183 2000
182 1900
181 3800
180 1600
179 2200
178 1500
177 1700
176 1400
175 3300
174 1900
173 2400
172 3800
171 1400
170 2200
169 1900
168 1800
167 1800
166 2100
165 2500
164 2600
163 1500
162 2000
161 1900
160 1500
159 1600
158 1900
157 2000
156 2600
155 2100
154 1900
153 2400
152 1500
151 2900
150 2300
149 1100
148 2000
147 1900
146 1400
145 2600
144 2300
143 1800
142 1800
141 1700
140 2500
139 1700
138 1700
137 1600
136 1700
135 2600
134 2500
133 2500
132 1800
131 1800
130 1900
129 1600
128 1500
127 2900
126 1600
125 1400
124 6800
123 2200
122 1600
121 2800
120 2200
119 2000
118 1000
117 1500
116 1800
115 2000
114 2600
113 2200
112 1800
111 1700
110 1700
109 1800
108 2300
107 1400
106 2000
105 2400
104 1300
103 1500
102 1900
101 1500
100 2400
99 3000
98 1400
97 1100
96 1600
95 2600
94 2000
93 1800
92 2900
91 1900
90 1700
89 2100
88 4500
87 2000
86 1700
85 2000
84 2200
83 2100
82 1900
81 1500
80 1900
79 1800
78 1100
77 800
76 1700
75 2200
74 2000
73 2000
72 2200
71 1600
70 1500
69 2800
68 2300
67 1200
66 1600
65 1900
64 1800
63 2000
62 1900
61 2600
60 1300
59 1600
58 1900
57 1600
56 1500
55 2000
54 1900
53 2100
52 4400
51 1200
50 1600
49 2100
48 2100
47 1800
46 2300
45 1500
44 1700
43 1500
42 1800
41 1300
40 1200
39 1400
38 1600
37 1200
36 1300
35 1400
34 1300
33 1000
32 1300
31 1600
30 1000
29 1200
28 1100
27 2700
26 1300
25 1600
24 2000
23 1200
22 900
21 1000
20 1000
19 800
18 900
17 700
16 700
15 1100
14 1900
13 4100
12 1400
11 800
10 500
9 700
8 800
7 700
6 800
5 1100
4 1300
3 1400
2 800
1 900
