1000 6300
999 5700
998 5600
997 5900
996 5900
995 6000
994 4900
993 6400
992 6200
991 6600
990 6700
989 6700
988 4800
987 6800
986 4500
985 4800
984 5800
983 7400
982 5400
981 5600
980 5000
979 6800
978 6200
977 5900
976 5400
975 5600
974 6400
973 7000
972 5900
971 6400
970 5600
969 5700
968 4400
967 5400
966 5500
965 5800
964 5800
963 5900
962 5500
961 5900
960 4800
959 6300
958 6700
957 6100
956 6200
955 6100
954 6300
953 6500
952 6200
951 5300
950 4500
949 6500
948 5600
947 6000
946 5300
945 6500
944 4800
943 4100
942 4500
941 5500
940 7100
939 5500
938 6000
937 5200
936 4500
935 5700
934 6300
933 5300
932 6000
931 7000
930 4800
929 5000
928 5000
927 4200
926 6100
925 4700
924 4800
923 4600
922 6100
921 5100
920 4300
919 5000
918 6700
917 9900
916 4700
915 6500
914 6800
913 6300
912 5900
911 6700
910 7000
909 5400
908 7100
907 6100
906 6700
905 5300
904 5300
903 4000
902 5200
901 5100
900 5100
899 6200
898 6000
897 6500
896 6600
895 6500
894 4700
893 4800
892 5000
891 6300
890 6500
889 6600
888 12400
887 6300
886 7300
885 6900
884 5000
883 4900
882 4100
881 5900
880 6000
879 6900
878 5200
877 4400
876 4800
875 5200
874 5400
873 6100
872 5700
871 5500
870 5500
869 6400
868 4800
867 6000
866 5900
865 4500
864 4900
863 5300
862 5500
861 13600
860 5300
859 7100
858 6100
857 5700
856 7800
855 6800
854 6700
853 6400
852 6100
851 6900
850 4400
849 6200
848 5100
847 5200
846 6200
845 5300
844 4600
843 5800
842 5500
841 5000
840 5900
839 6500
838 7100
837 7800
836 6700
835 5000
834 5400
833 5400
832 6500
831 6200
830 5200
829 6600
828 6400
827 6900
826 6000
825 4400
824 5500
823 5500
822 5900
821 5100
820 4700
819 6700
818 5700
817 6000
816 5300
815 6400
814 7100
813 5900
812 4900
811 5400
810 7000
809 6100
808 6000
807 6900
806 6700
805 6600
804 6500
803 6500
802 6800
801 6800
800 5600
799 7100
798 6100
797 6200
796 7400
795 14300
794 7200
793 7000
792 5700
791 5200
790 6600
789 5300
788 6800
787 6800
786 7100
785 6600
784 7400
783 6000
782 7300
781 6900
780 7100
779 6800
778 6600
777 7900
776 6600
775 5300
774 6000
773 5900
772 5200
771 6500
770 10500
769 10600
768 6100
767 6500
766 6100
765 4900
764 5500
763 7200
762 7300
761 5500
760 6000
759 5300
758 5000
757 5300
756 5100
755 5000
754 5700
753 6700
752 5600
751 6900
750 6300
749 7800
748 6000
747 7700
746 5600
745 6200
744 5400
743 5200
742 6000
741 4900
740 5000
739 7500
738 5400
737 7600
736 6100
735 5500
734 4700
733 6000
732 5700
731 6800
730 7900
729 5900
728 6000
727 5400
726 5400
725 6800
724 7800
723 7700
722 9500
721 7100
720 5700
719 5600
718 7100
717 7700
716 6700
715 7000
714 6800
713 8600
712 7200
711 8800
710 7400
709 9300
708 8900
707 9000
706 6500
705 5800
704 5400
703 6700
702 7300
701 6900
700 5500
699 8000
698 7300
697 6000
696 6000
695 5100
694 6100
693 6100
692 7500
691 8400
690 7700
689 7600
688 6800
687 6800
686 6700
685 8400
684 8700
683 6900
682 6000
681 6000
680 7600
679 8500
678 8400
677 8000
676 7700
675 7800
674 7500
673 6200
672 7200
671 7200
670 6900
669 7900
668 7500
667 12300
666 7600
665 6500
664 8700
663 7400
662 6600
661 8000
660 7700
659 7100
658 6700
657 6500
656 8400
655 6900
654 25500
653 9000
652 8000
651 8200
650 7200
649 9300
648 9500
647 7400
646 9400
645 7900
644 7000
643 9000
642 8300
641 9100
640 6800
639 7400
638 5700
637 5100
636 5800
635 7100
634 5200
633 5700
632 6100
631 9300
630 7700
629 8300
628 7300
627 4900
626 6600
625 5900
624 8200
623 9200
622 11000
621 9600
620 5800
619 7500
618 7100
617 6800
616 8400
615 7400
614 6300
613 8000
612 8500
611 6100
610 7400
609 6200
608 4800
607 7700
606 5300
605 6300
604 8000
603 8200
602 6000
601 6200
600 5400
599 6900
598 7100
597 5500
596 8500
595 6000
594 4900
593 5600
592 7700
591 6900
590 5600
589 7300
588 5900
587 5900
586 7900
585 8000
584 6900
583 7400
582 5600
581 5100
580 6900
579 6500
578 6300
577 5800
576 7200
575 5200
574 8100
573 7300
572 6700
571 15500
570 7900
569 6800
568 5600
567 6000
566 6300
565 5900
564 6100
563 10600
562 8400
561 9200
560 9200
559 10000
558 8900
557 7100
556 6700
555 6700
554 10300
553 6600
552 11800
551 9800
550 7700
549 8000
548 6400
547 5600
546 6200
545 7600
544 6500
543 6000
542 6200
541 8800
540 7600
539 8000
538 12900
537 6500
536 6300
535 9200
534 9700
533 8300
532 9100
531 8000
530 7900
529 8300
528 10300
527 7300
526 7800
525 7100
524 7600
523 7600
522 6400
521 7900
520 6400
519 7200
518 7600
517 6300
516 8700
515 8700
514 9800
513 6200
512 6800
511 7800
510 9800
509 6600
508 6700
507 7400
506 8500
505 6000
504 9100
503 10200
502 13200
501 7100
500 7400
499 6300
498 9300
497 7500
496 7800
495 7700
494 8500
493 8000
492 6900
491 9300
490 10500
489 7300
488 8700
487 8300
486 8500
485 7500
484 5700
483 9700
482 10700
481 6000
480 5800
479 6300
478 5400
477 8900
476 6200
475 6200
474 6000
473 9500
472 6300
471 8300
470 5800
469 7900
468 6000
467 5700
466 7700
465 7000
464 6800
463 6400
462 6100
461 7800
460 7400
459 6500
458 7900
457 7700
456 8000
455 7100
454 5900
453 6000
452 5300
451 5800
450 6000
449 5700
448 5400
447 6200
446 5800
445 6900
444 7600
443 6200
442 7400
441 7800
440 5400
439 7700
438 7900
437 5200
436 7800
435 7900
434 6500
433 8200
432 8400
431 7000
430 7300
429 7900
428 10600
427 14500
426 7800
425 9900
424 8300
423 7000
422 7300
421 7400
420 8400
419 5700
418 7500
417 7600
416 8600
415 6000
414 6700
413 7600
412 8600
411 9600
410 6500
409 13700
408 7600
407 12600
406 8100
405 9700
404 7800
403 8700
402 8000
401 12500
400 7000
399 7700
398 9500
397 6300
396 8100
395 7800
394 6300
393 6900
392 9500
391 11600
390 8700
389 9000
388 7100
387 7200
386 6600
385 6200
384 5700
383 5400
382 5700
381 6200
380 8000
379 7900
378 6700
377 5600
376 6200
375 5900
374 5000
373 5300
372 6200
371 5400
370 6200
369 9600
368 9200
367 7200
366 9000
365 8500
364 11200
363 11500
362 13800
361 9600
360 6400
359 8000
358 9700
357 9000
356 6900
355 6300
354 6800
353 11200
352 5200
351 5900
350 10800
349 7300
348 6900
347 7300
346 7300
345 7200
344 12100
343 11900
342 6800
341 8300
340 7500
339 8100
338 7400
337 8400
336 7700
335 7400
334 7300
333 7100
332 8000
331 7400
330 8300
329 7900
328 7700
327 7300
326 7200
325 6700
324 9000
323 8900
322 10600
321 5700
320 9600
319 8900
318 8700
317 8800
316 9200
315 8200
314 7500
313 6800
312 8000
311 8000
310 8300
309 8900
308 7400
307 9900
306 9800
305 7600
304 12200
303 7600
302 7900
301 9000
300 9500
299 10400
298 12000
297 10100
296 13200
295 10200
294 7600
293 9600
292 8700
291 8600
290 8300
289 8100
288 9100
287 8500
286 13600
285 7100
284 8100
283 9100
282 8600
281 11400
280 9000
279 8700
278 7500
277 8900
276 8600
275 6100
274 10000
273 8300
272 9100
271 7900
270 7300
269 7200
268 8300
267 10200
266 7800
265 8500
264 7700
263 11900
262 7300
261 10500
260 9200
259 8600
258 6500
257 7100
256 9500
255 6400
254 8200
253 7300
252 8000
251 7700
250 6600
249 8700
248 7900
247 6700
246 6900
245 7600
244 6900
243 7300
242 6800
241 7200
240 7900
239 7100
238 7700
237 6900
236 7500
235 8000
234 5900
233 7100
232 6500
231 9200
230 5500
229 6700
228 6100
227 6000
226 8400
225 9500
224 13300
223 6500
222 26600
221 7600
220 7100
219 8400
218 7500
217 5400
216 4800
215 6900
214 6800
213 6800
212 9400
211 6900
210 8100
209 8700
208 6200
207 8000
206 8300
205 8600
204 5900
203 8100
202 6600
201 6100
200 7600
199 6000
198 5600
197 5700
196 7100
195 5500
194 5200
193 7200
192 7400
191 6500
190 6400
189 6600
188 5400
187 5100
186 5900
185 6600
184 6100
183 5900
182 7000
181 7500
180 6800
179 9500
178 7200
177 6100
176 7300
175 7300
174 6600
173 6500
172 14500
171 6200
170 8200
169 7100
168 7300
167 6300
166 6100
165 5900
164 7300
163 6300
162 5400
161 5700
160 6700
159 7500
158 6200
157 8800
156 5700
155 7200
154 9300
153 9900
152 11900
151 8500
150 7100
149 12800
148 7700
147 7600
146 10000
145 10700
144 10800
143 10300
142 9800
141 28000
140 7200
139 8300
138 12000
137 8800
136 8000
135 7600
134 9300
133 7100
132 8100
131 9200
130 9800
129 13100
128 8300
127 5300
126 6900
125 8100
124 13100
123 5700
122 12400
121 7500
120 7300
119 8500
118 6700
117 7000
116 7600
115 7300
114 9300
113 6800
112 17100
111 17100
110 8000
109 7600
108 5100
107 5300
106 7700
105 6000
104 12300
103 7000
102 6100
101 5800
100 7200
99 5700
98 5400
97 5400
96 5600
95 5100
94 4400
93 7700
92 9300
91 8600
90 6800
89 8400
88 6600
87 7100
86 6900
85 7400
84 7200
83 5800
82 7500
81 4800
80 4000
79 4900
78 6400
77 5200
76 4700
75 5100
74 5200
73 6400
72 5000
71 4800
70 5200
69 5700
68 5800
67 5900
66 4800
65 4100
64 5600
63 4300
62 4700
61 4800
60 4600
59 11000
58 6100
57 6300
56 4200
55 5900
54 3800
53 6300
52 5600
51 4700
50 5300
49 4700
48 5400
47 5400
46 5200
45 5800
44 5300
43 5100
42 6000
41 4700
40 4100
39 6700
38 10400
37 4500
36 4300
35 5600
34 4000
33 4800
32 4400
31 5900
30 3300
29 5300
28 3700
27 4300
26 5000
25 9800
24 5100
23 8500
22 4500
21 4500
20 4800
19 4200
18 3600
17 3200
16 6700
15 2900
14 3600
13 2700
12 4800
11 3100
10 3800
9 6800
8 3000
7 2500
6 2900
5 5700
4 3600
3 4600
2 1100
1 44400
