1 2800
2 2100
3 1900
4 2100
5 1700
6 2100
7 4200
8 1900
9 2000
10 2600
11 2600
12 2400
13 2100
14 2900
15 2400
16 2200
17 2700
18 2200
19 2800
20 2800
21 2400
22 3100
23 3200
24 4700
25 3000
26 3000
27 3200
28 8100
29 2400
30 2800
31 2400
32 2400
33 5500
34 2500
35 3200
36 2600
37 2300
38 2400
39 2300
40 10600
41 2700
42 2500
43 2700
44 3500
45 6100
46 3500
47 3500
48 3400
49 2800
50 4000
51 3500
52 2800
53 3500
54 4000
55 2400
56 5500
57 3200
58 3100
59 2700
60 3600
61 3300
62 3800
63 4000
64 3800
65 2800
66 3300
67 2700
68 3700
69 3800
70 3300
71 3000
72 3600
73 3500
74 5200
75 3800
76 4100
77 3400
78 3500
79 3200
80 3400
81 3100
82 2400
83 3400
84 2900
85 2400
86 3400
87 3400
88 3600
89 3000
90 3400
91 10400
92 2900
93 2700
94 3700
95 3300
96 2800
97 2800
98 3900
99 2900
100 2900
101 3400
102 3400
103 3600
104 2500
105 3200
106 3800
107 2800
108 3100
109 3200
110 3300
111 2700
112 2700
113 2600
114 2700
115 3100
116 2700
117 2700
118 3100
119 3600
120 2900
121 3200
122 2800
123 3200
124 3100
125 3200
126 3000
127 2600
128 2700
129 3300
130 2600
131 3700
132 3500
133 3500
134 3100
135 3100
136 6800
137 4800
138 6300
139 7800
140 5600
141 5400
142 4500
143 3200
144 3700
145 3100
146 4200
147 2900
148 4800
149 3700
150 3000
151 5300
152 2900
153 4700
154 10100
155 4800
156 5600
157 5300
158 8600
159 4000
160 16400
161 3400
162 3700
163 4300
164 6700
165 4000
166 4200
167 3800
168 4400
169 3500
170 3700
171 2900
172 3100
173 4600
174 3300
175 3900
176 3900
177 3200
178 3600
179 3300
180 2900
181 3800
182 4000
183 3800
184 3800
185 3500
186 5300
187 7000
188 4500
189 6100
190 4200
191 3400
192 3800
193 3900
194 3000
195 4100
196 3700
197 3100
198 3300
199 3400
200 3500
201 3400
202 3000
203 2800
204 4000
205 4000
206 4100
207 3500
208 3100
209 3800
210 3900
211 2800
212 3100
213 3100
214 3000
215 3300
216 4400
217 12500
218 6900
219 3900
220 3700
221 3500
222 4200
223 3700
224 3300
225 3600
226 3000
227 3300
228 3400
229 3800
230 3500
231 3500
232 4200
233 3600
234 3800
235 3200
236 3400
237 3200
238 3600
239 4200
240 5600
241 3800
242 3200
243 4800
244 4700
245 5000
246 3000
247 6300
248 6700
249 4100
250 3800
251 4100
252 5400
253 3900
254 3700
255 4300
256 4100
257 6400
258 19800
259 6100
260 11300
261 7700
262 7600
263 5900
264 6100
265 6800
266 4300
267 5100
268 6900
269 4300
270 5400
271 3900
272 4200
273 3700
274 4200
275 3800
276 3500
277 3800
278 3000
279 3800
280 9800
281 4700
282 6600
283 5500
284 5500
285 5100
286 4300
287 5400
288 5500
289 4800
290 6400
291 10600
292 7000
293 6300
294 4000
295 3800
296 3300
297 3600
298 4200
299 3600
300 4200
301 3800
302 2900
303 3700
304 4600
305 4500
306 4300
307 3800
308 3200
309 3100
310 3300
311 6100
312 3400
313 4500
314 3500
315 3500
316 3500
317 4200
318 3500
319 3500
320 5600
321 3500
322 3100
323 3600
324 4300
325 4200
326 4800
327 4200
328 4300
329 5000
330 4100
331 5100
332 4900
333 4300
334 4400
335 3400
336 4000
337 4600
338 4300
339 3800
340 9700
341 3400
342 4600
343 9600
344 3900
345 3100
346 4600
347 3600
348 2800
349 4000
350 7100
351 3400
352 4500
353 7600
354 10900
355 9700
356 4600
357 4300
358 4300
359 4000
360 5300
361 4500
362 6300
363 4600
364 4100
365 4600
366 5600
367 4100
368 3700
369 4200
370 4100
371 8900
372 8600
373 9500
374 4400
375 4000
376 4600
377 5800
378 3700
379 3700
380 4200
381 4400
382 4800
383 3900
384 4300
385 4700
386 4300
387 3800
388 3700
389 4500
390 4200
391 5900
392 5400
393 3800
394 7200
395 4700
396 4100
397 4500
398 9600
399 3900
400 5700
401 5800
402 4000
403 5100
404 3600
405 3500
406 26000
407 5500
408 5000
409 4300
410 3500
411 6100
412 4000
413 4500
414 4400
415 4300
416 3400
417 6000
418 7400
419 3800
420 4100
421 4000
422 5400
423 4200
424 4200
425 6900
426 4500
427 4100
428 5000
429 5400
430 4200
431 4400
432 7100
433 4200
434 4400
435 4900
436 3600
437 4400
438 4000
439 4300
440 3600
441 3900
442 4200
443 4500
444 4100
445 4500
446 3700
447 3600
448 6500
449 3700
450 3700
451 6700
452 3700
453 4100
454 3900
455 6900
456 5300
457 5900
458 9200
459 5200
460 4500
461 4200
462 3500
463 4200
464 3700
465 4900
466 4300
467 3800
468 3200
469 9900
470 4400
471 4300
472 4500
473 4000
474 3800
475 4000
476 3800
477 3900
478 4000
479 3500
480 3000
481 4500
482 3300
483 4700
484 3800
485 4200
486 4000
487 4400
488 3900
489 5100
490 3700
491 4100
492 4300
493 3900
494 5500
495 6100
496 7800
497 4700
498 4300
499 3500
500 4000
501 3600
502 3600
503 4000
504 3300
505 4100
506 5400
507 3600
508 3700
509 4500
510 4100
511 3700
512 3900
513 3700
514 6900
515 4900
516 4000
517 4400
518 5300
519 4700
520 8200
521 4700
522 3300
523 4600
524 3900
525 3100
526 4000
527 3700
528 3600
529 3000
530 4300
531 4900
532 10500
533 4500
534 4000
535 10400
536 5600
537 4800
538 3500
539 4600
540 3700
541 3900
542 4100
543 3600
544 4300
545 4300
546 3800
547 3900
548 4500
549 3600
550 4700
551 3900
552 4500
553 6800
554 4900
555 4800
556 8200
557 5500
558 3800
559 3400
560 4200
561 3900
562 4300
563 4000
564 3900
565 3900
566 4400
567 4300
568 5400
569 5100
570 6600
571 7300
572 3000
573 3800
574 4200
575 4000
576 4700
577 4700
578 6900
579 30700
580 6300
581 10700
582 4200
583 3700
584 4100
585 5500
586 3900
587 4900
588 4100
589 3400
590 3900
591 8400
592 3500
593 3500
594 3700
595 5600
596 4700
597 3900
598 4700
599 3600
600 6000
601 5300
602 4800
603 4000
604 4700
605 4900
606 3900
607 3400
608 4300
609 3600
610 5400
611 4300
612 4700
613 4400
614 4100
615 4700
616 4200
617 3400
618 4100
619 3900
620 3500
621 3900
622 4100
623 3500
624 4800
625 4700
626 4300
627 5300
628 4500
629 4800
630 4100
631 3800
632 5300
633 4600
634 3800
635 4600
636 4600
637 5800
638 5000
639 4400
640 4300
641 9600
642 4200
643 5400
644 5200
645 4200
646 4100
647 3400
648 6600
649 4500
650 4800
651 4800
652 4400
653 3500
654 6000
655 3600
656 4900
657 6500
658 4700
659 11300
660 9800
661 4500
662 5900
663 4200
664 7000
665 5100
666 9600
667 4300
668 4800
669 4500
670 4300
671 41600
672 3800
673 4500
674 3600
675 9900
676 4800
677 3800
678 5200
679 4600
680 4000
681 3700
682 3800
683 4300
684 4100
685 4200
686 5000
687 4400
688 7100
689 5600
690 4400
691 4700
692 7500
693 6600
694 4500
695 4400
696 3900
697 4200
698 4800
699 4400
700 4700
701 4900
702 3700
703 3500
704 4100
705 4200
706 4200
707 4100
708 4700
709 3900
710 3800
711 8600
712 4100
713 3600
714 6000
715 4800
716 4800
717 6900
718 6500
719 4900
720 3500
721 5800
722 5600
723 4400
724 4700
725 3900
726 4200
727 4100
728 4700
729 4400
730 6300
731 5000
732 4900
733 3900
734 11700
735 4600
736 4300
737 7100
738 5600
739 5600
740 4600
741 10600
742 3900
743 3600
744 4600
745 3800
746 3700
747 18700
748 4300
749 3900
750 3800
751 3400
752 4300
753 4000
754 4200
755 4300
756 4400
757 4000
758 4200
759 3900
760 4000
761 3900
762 4300
763 4200
764 5200
765 4200
766 5000
767 7200
768 4700
769 4300
770 4600
771 4300
772 4800
773 4400
774 4600
775 4600
776 4600
777 4000
778 4200
779 3800
780 4500
781 6000
782 3800
783 4000
784 4800
785 3900
786 21100
787 5900
788 9400
789 4600
790 4600
791 4100
792 4600
793 6400
794 5500
795 5900
796 5300
797 6600
798 7300
799 7200
800 5300
801 6800
802 7600
803 4900
804 4500
805 4700
806 7000
807 5700
808 9700
809 6400
810 4600
811 4400
812 4600
813 6400
814 4500
815 4100
816 6100
817 5300
818 4700
819 6500
820 7300
821 6600
822 6900
823 4300
824 9600
825 5100
826 6800
827 7400
828 6900
829 4800
830 6500
831 5700
832 8900
833 7700
834 5400
835 5500
836 5200
837 5900
838 4700
839 10500
840 7600
841 5800
842 4100
843 5500
844 5900
845 9700
846 6500
847 5800
848 5400
849 10900
850 5000
851 5900
852 8000
853 7100
854 6000
855 5800
856 6600
857 5500
858 5600
859 9000
860 6400
861 6000
862 5000
863 4800
864 6300
865 8700
866 6800
867 6900
868 5900
869 8400
870 4900
871 6900
872 5100
873 6200
874 5000
875 4700
876 13400
877 5400
878 5700
879 6500
880 4200
881 4500
882 6000
883 5500
884 7000
885 5000
886 7900
887 4700
888 5700
889 4600
890 4900
891 5200
892 6500
893 5900
894 7100
895 4500
896 4600
897 4900
898 5200
899 5200
900 4400
901 5400
902 5400
903 4700
904 5900
905 5000
906 5400
907 4600
908 5700
909 6100
910 8000
911 11700
912 6800
913 13700
914 4600
915 6800
916 5600
917 7300
918 6300
919 5800
920 4400
921 5300
922 5200
923 8200
924 6500
925 5000
926 8300
927 6000
928 7200
929 5400
930 5400
931 5800
932 4500
933 12400
934 6100
935 7800
936 4900
937 5200
938 5900
939 6900
940 8300
941 8200
942 6500
943 5300
944 5800
945 8200
946 8900
947 5500
948 5800
949 5300
950 4900
951 14700
952 5900
953 5300
954 5900
955 20300
956 5500
957 5400
958 5200
959 6100
960 5800
961 7400
962 4300
963 5900
964 5100
965 4600
966 5100
967 5100
968 5900
969 4900
970 5500
971 9800
972 4800
973 5400
974 5100
975 4700
976 5300
977 4600
978 5200
979 5400
980 6100
981 5400
982 6600
983 6400
984 10100
985 6300
986 4900
987 7600
988 6200
989 5300
990 5700
991 5000
992 8000
993 6200
994 7300
995 5700
996 7000
997 5700
998 6100
999 5800
1000 5600
